RECORDING MOVEMENT  WITH DISC
1,LEFT_MEDIAL_PTERYGOID,RIGHT_MEDIAL_PTERYGOID,LEFT_MASSETER_SUP,RIGHT_MASSETER_SUP,LEFT_MASSETER_DEEP,RIGHT_MASSETER_DEEP,LEFT_TEMPORALIS_ANT,RIGHT_TEMPORALIS_ANT
1,,103.276,,96.1299,,101.521,,95.3996,,61.222,,57.2931,,64.4093,,59.9859
2,,85.4924,,78.0057,,95.5762,,89.0912,,58.5388,,54.5444,,68.129,,63.546
3,,103.276,,96.1299,,101.521,,95.3996,,61.222,,57.2931,,64.4093,,59.9859
4,,103.276,,96.1299,,101.521,,95.3996,,61.222,,57.2931,,64.4093,,59.9859
5,,85.4924,,78.0057,,95.5762,,89.0912,,58.5388,,54.5444,,68.129,,63.546
6,,103.276,,96.1299,,101.521,,95.3996,,61.222,,57.2931,,64.4093,,59.9859
7,,103.276,,96.1299,,101.521,,95.3996,,61.222,,57.2931,,64.4093,,59.9859
8,,103.276,,96.1299,,101.521,,95.3996,,61.222,,57.2931,,64.4093,,59.9859
9,,85.4924,,78.0057,,95.5762,,89.0912,,58.5388,,54.5444,,68.129,,63.546
10,,103.276,,96.1299,,101.521,,95.3996,,61.222,,57.2931,,64.4093,,59.9859
11,,103.276,,96.1299,,101.521,,95.3996,,61.222,,57.2931,,64.4093,,59.9859
12,,103.276,,96.1299,,101.521,,95.3996,,61.222,,57.2931,,64.4093,,59.9859
13,,103.276,,96.1299,,101.521,,95.3996,,61.222,,57.2931,,64.4093,,59.9859
14,,103.276,,96.1299,,101.521,,95.3996,,61.222,,57.2931,,64.4093,,59.9859
15,,85.4924,,78.0057,,95.5762,,89.0912,,58.5388,,54.5444,,68.129,,63.546
16,,103.276,,96.1299,,101.521,,95.3996,,61.222,,57.2931,,64.4093,,59.9859
17,,103.276,,96.1299,,101.521,,95.3996,,61.222,,57.2931,,64.4093,,59.9859
18,,85.4924,,78.0057,,95.5762,,89.0912,,58.5388,,54.5444,,68.129,,63.546
19,,103.276,,96.1299,,101.521,,95.3996,,61.222,,57.2931,,64.4093,,59.9859
20,,103.276,,96.1299,,101.521,,95.3996,,61.222,,57.2931,,64.4093,,59.9859
21,,103.276,,96.1299,,101.521,,95.3996,,61.222,,57.2931,,64.4093,,59.9859
22,,85.4924,,78.0057,,95.5762,,89.0912,,58.5388,,54.5444,,68.129,,63.546
23,,103.276,,96.1299,,101.521,,95.3996,,61.222,,57.2931,,64.4093,,59.9859
24,,103.276,,96.1299,,101.521,,95.3996,,61.222,,57.2931,,64.4093,,59.9859
25,,103.276,,96.1299,,101.521,,95.3996,,61.222,,57.2931,,64.4093,,59.9859
26,,103.276,,96.1299,,101.521,,95.3996,,61.222,,57.2931,,64.4093,,59.9859
27,,85.4924,,78.0057,,95.5762,,89.0912,,58.5388,,54.5444,,68.129,,63.546
28,,103.276,,96.1299,,101.521,,95.3996,,61.222,,57.2931,,64.4093,,59.9859
29,,103.276,,96.1299,,101.521,,95.3996,,61.222,,57.2931,,64.4093,,59.9859
30,,103.276,,96.1299,,101.521,,95.3996,,61.222,,57.2931,,64.4093,,59.9859
31,,103.276,,96.1299,,101.521,,95.3996,,61.222,,57.2931,,64.4093,,59.9859
32,,85.4924,,78.0057,,95.5762,,89.0912,,58.5388,,54.5444,,68.129,,63.546
33,,103.276,,96.1299,,101.521,,95.3996,,61.222,,57.2931,,64.4093,,59.9859
34,,103.276,,96.1299,,101.521,,95.3996,,61.222,,57.2931,,64.4093,,59.9859
35,,103.276,,96.1299,,101.521,,95.3996,,61.222,,57.2931,,64.4093,,59.9859
36,,85.4924,,78.0057,,95.5762,,89.0912,,58.5388,,54.5444,,68.129,,63.546
37,,103.276,,96.1299,,101.521,,95.3996,,61.222,,57.2931,,64.4093,,59.9859
38,,103.276,,96.1299,,101.521,,95.3996,,61.222,,57.2931,,64.4093,,59.9859
39,,103.276,,96.1299,,101.521,,95.3996,,61.222,,57.2931,,64.4093,,59.9859
40,,103.276,,96.1299,,101.521,,95.3996,,61.222,,57.2931,,64.4093,,59.9859
41,,85.4924,,78.0057,,95.5762,,89.0912,,58.5388,,54.5444,,68.129,,63.546
42,,103.276,,96.1299,,101.521,,95.3996,,61.222,,57.2931,,64.4093,,59.9859
43,,103.276,,96.1299,,101.521,,95.3996,,61.222,,57.2931,,64.4093,,59.9859
44,,85.4924,,78.0057,,95.5762,,89.0912,,58.5388,,54.5444,,68.129,,63.546
45,,103.276,,96.1299,,101.521,,95.3996,,61.222,,57.2931,,64.4093,,59.9859
46,,103.276,,96.1299,,101.521,,95.3996,,61.222,,57.2931,,64.4093,,59.9859
47,,103.276,,96.1299,,101.521,,95.3996,,61.222,,57.2931,,64.4093,,59.9859
48,,103.276,,96.1299,,101.521,,95.3996,,61.222,,57.2931,,64.4093,,59.9859
49,,103.276,,96.1299,,101.521,,95.3996,,61.222,,57.2931,,64.4093,,59.9859
50,,85.4924,,78.0057,,95.5762,,89.0912,,58.5388,,54.5444,,68.129,,63.546
51,,103.276,,96.1299,,101.521,,95.3996,,61.222,,57.2931,,64.4093,,59.9859
52,,103.276,,96.1299,,101.521,,95.3996,,61.222,,57.2931,,64.4093,,59.9859
53,,103.276,,96.1299,,101.521,,95.3996,,61.222,,57.2931,,64.4093,,59.9859
54,,103.276,,96.1299,,101.521,,95.3996,,61.222,,57.2931,,64.4093,,59.9859
55,,85.4924,,78.0057,,95.5762,,89.0912,,58.5388,,54.5444,,68.129,,63.546
56,,103.276,,96.1299,,101.521,,95.3996,,61.222,,57.2931,,64.4093,,59.9859
57,,103.276,,96.1299,,101.521,,95.3996,,61.222,,57.2931,,64.4093,,59.9859
58,,103.276,,96.1299,,101.521,,95.3996,,61.222,,57.2931,,64.4093,,59.9859
59,,103.276,,96.1299,,101.521,,95.3996,,61.222,,57.2931,,64.4093,,59.9859
60,,85.4924,,78.0057,,95.5762,,89.0912,,58.5388,,54.5444,,68.129,,63.546
61,,103.276,,96.1299,,101.521,,95.3996,,61.222,,57.2931,,64.4093,,59.9859
62,,103.276,,96.1299,,101.521,,95.3996,,61.222,,57.2931,,64.4093,,59.9859
63,,103.276,,96.1299,,101.521,,95.3996,,61.222,,57.2931,,64.4093,,59.9859
64,,103.276,,96.1299,,101.521,,95.3996,,61.222,,57.2931,,64.4093,,59.9859
65,,85.4924,,78.0057,,95.5762,,89.0912,,58.5388,,54.5444,,68.129,,63.546
66,,103.276,,96.1299,,101.521,,95.3996,,61.222,,57.2931,,64.4093,,59.9859
67,,103.276,,96.1299,,101.521,,95.3996,,61.222,,57.2931,,64.4093,,59.9859
68,,103.276,,96.1299,,101.521,,95.3996,,61.222,,57.2931,,64.4093,,59.9859
69,,103.276,,96.1299,,101.521,,95.3996,,61.222,,57.2931,,64.4093,,59.9859
70,,103.276,,96.1299,,101.521,,95.3996,,61.222,,57.2931,,64.4093,,59.9859
71,,103.276,,96.1299,,101.521,,95.3996,,61.222,,57.2931,,64.4093,,59.9859
72,,85.4924,,78.0057,,95.5762,,89.0912,,58.5388,,54.5444,,68.129,,63.546
73,,103.276,,96.1299,,101.521,,95.3996,,61.222,,57.2931,,64.4093,,59.9859
74,,103.276,,96.1299,,101.521,,95.3996,,61.222,,57.2931,,64.4093,,59.9859
75,,85.4924,,78.0057,,95.5762,,89.0912,,58.5388,,54.5444,,68.129,,63.546
76,,103.276,,96.1299,,101.521,,95.3996,,61.222,,57.2931,,64.4093,,59.9859
77,,103.276,,96.1299,,101.521,,95.3996,,61.222,,57.2931,,64.4093,,59.9859
78,,103.276,,96.1299,,101.521,,95.3996,,61.222,,57.2931,,64.4093,,59.9859
79,LEFT_LAT_PTERYGOID_SUP,RIGHT_LAT_PTERYGOID_SUP,LEFT_LAT_PTERYGOID_INF,RIGHT_LAT_PTERYGOID_INF,LEFT_MEDIAL_PTERYGOID,RIGHT_MEDIAL_PTERYGOID,LEFT_MASSETER_SUP,RIGHT_MASSETER_SUP,LEFT_MASSETER_DEEP,RIGHT_MASSETER_DEEP,LEFT_TEMPORALIS_ANT,RIGHT_TEMPORALIS_ANT
79,,6.86,,6.86,,7.84,,7.84,,103.276,,96.1299,,101.521,,95.3996,,61.222,,57.2931,,64.4093,,59.9859
80,,36.3128,,33.3523,,41.0912,,37.2593,,85.4924,,78.0057,,95.5762,,89.0912,,58.5388,,54.5444,,68.129,,63.546
81,,38.3656,,35.6084,,44.4602,,40.6566,,103.276,,96.1299,,101.521,,95.3996,,61.222,,57.2931,,64.4093,,59.9859
82,,38.3654,,35.6088,,44.46,,40.6572,,103.276,,96.1299,,101.521,,95.3996,,61.222,,57.2931,,64.4093,,59.9859
83,,38.3654,,35.6088,,44.46,,40.6572,,103.276,,96.1299,,101.521,,95.3996,,61.222,,57.2931,,64.4093,,59.9859
84,,38.3655,,35.6088,,44.4601,,40.6571,,103.276,,96.1299,,101.521,,95.3996,,61.222,,57.2931,,64.4093,,59.9859
85,,38.3655,,35.6088,,44.4601,,40.6571,,103.276,,96.1299,,101.521,,95.3996,,61.222,,57.2931,,64.4093,,59.9859
86,,38.3654,,35.6091,,44.4601,,40.6575,,103.276,,96.1299,,101.521,,95.3996,,61.222,,57.2931,,64.4093,,59.9859
87,,38.3654,,35.6091,,44.4601,,40.6575,,103.276,,96.1299,,101.521,,95.3996,,61.222,,57.2931,,64.4093,,59.9859
88,,37.6661,,35.06,,43.2014,,39.5333,,103.276,,96.1299,,101.521,,95.3996,,61.222,,57.2931,,64.4093,,59.9859
89,,37.6661,,35.06,,43.2014,,39.5333,,103.276,,96.1299,,101.521,,95.3996,,61.222,,57.2931,,64.4093,,59.9859
90,,37.6655,,35.0611,,43.201,,39.5347,,103.276,,96.1299,,101.521,,95.3996,,61.222,,57.2931,,64.4093,,59.9859
91,,37.6655,,35.0611,,43.201,,39.5347,,103.276,,96.1299,,101.521,,95.3996,,61.222,,57.2931,,64.4093,,59.9859
92,,34.9317,,32.2836,,38.1661,,34.6111,,85.4924,,78.0057,,95.5762,,89.0912,,58.5388,,54.5444,,68.129,,63.546
93,,37.1043,,34.6483,,42.0489,,38.5208,,103.276,,96.1299,,101.521,,95.3996,,61.222,,57.2931,,64.4093,,59.9859
94,,37.1043,,34.6483,,42.0489,,38.5208,,103.276,,96.1299,,101.521,,95.3996,,61.222,,57.2931,,64.4093,,59.9859
95,,37.1043,,34.6483,,42.0489,,38.5208,,103.276,,96.1299,,101.521,,95.3996,,61.222,,57.2931,,64.4093,,59.9859
96,,37.1031,,34.6521,,42.0478,,38.5251,,103.276,,96.1299,,101.521,,95.3996,,61.222,,57.2931,,64.4093,,59.9859
97,,37.1031,,34.6521,,42.0478,,38.5251,,103.276,,96.1299,,101.521,,95.3996,,61.222,,57.2931,,64.4093,,59.9859
98,,37.1031,,34.6521,,42.0478,,38.5251,,103.276,,96.1299,,101.521,,95.3996,,61.222,,57.2931,,64.4093,,59.9859
99,,36.6873,,34.379,,41.0125,,37.6292,,103.276,,96.1299,,101.521,,95.3996,,61.222,,57.2931,,64.4093,,59.9859
100,,36.6873,,34.379,,41.0125,,37.6292,,103.276,,96.1299,,101.521,,95.3996,,61.222,,57.2931,,64.4093,,59.9859
101,,34.4614,,31.9814,,36.8601,,33.4664,,85.4924,,78.0057,,95.5762,,89.0912,,58.5388,,54.5444,,68.129,,63.546
102,,36.6843,,34.3876,,41.0091,,37.6377,,103.276,,96.1299,,101.521,,95.3996,,61.222,,57.2931,,64.4093,,59.9859
103,,36.6843,,34.3876,,41.0091,,37.6377,,103.276,,96.1299,,101.521,,95.3996,,61.222,,57.2931,,64.4093,,59.9859
104,,36.6843,,34.3876,,41.0091,,37.6377,,103.276,,96.1299,,101.521,,95.3996,,61.222,,57.2931,,64.4093,,59.9859
105,,36.4171,,34.2594,,40.098,,36.8704,,103.276,,96.1299,,101.521,,95.3996,,61.222,,57.2931,,64.4093,,59.9859
106,,36.4171,,34.2594,,40.098,,36.8704,,103.276,,96.1299,,101.521,,95.3996,,61.222,,57.2931,,64.4093,,59.9859
107,,36.4131,,34.2691,,40.0935,,36.8791,,103.276,,96.1299,,101.521,,95.3996,,61.222,,57.2931,,64.4093,,59.9859
108,,36.4131,,34.2691,,40.0935,,36.8791,,103.276,,96.1299,,101.521,,95.3996,,61.222,,57.2931,,64.4093,,59.9859
109,,36.412,,34.2708,,40.0923,,36.8807,,103.276,,96.1299,,101.521,,95.3996,,61.222,,57.2931,,64.4093,,59.9859
110,,36.412,,34.2708,,40.0923,,36.8807,,103.276,,96.1299,,101.521,,95.3996,,61.222,,57.2931,,64.4093,,59.9859
111,,36.2997,,34.2844,,39.318,,36.246,,103.276,,96.1299,,101.521,,95.3996,,61.222,,57.2931,,64.4093,,59.9859
112,,36.2997,,34.2844,,39.318,,36.246,,103.276,,96.1299,,101.521,,95.3996,,61.222,,57.2931,,64.4093,,59.9859
113,,36.299,,34.2857,,39.3172,,36.2472,,103.276,,96.1299,,101.521,,95.3996,,61.222,,57.2931,,64.4093,,59.9859
114,,36.299,,34.2857,,39.3172,,36.2472,,103.276,,96.1299,,101.521,,95.3996,,61.222,,57.2931,,64.4093,,59.9859
115,,36.299,,34.2861,,39.3172,,36.2478,,103.276,,96.1299,,101.521,,95.3996,,61.222,,57.2931,,64.4093,,59.9859
116,,36.299,,34.2861,,39.3172,,36.2478,,103.276,,96.1299,,101.521,,95.3996,,61.222,,57.2931,,64.4093,,59.9859
117,,36.3394,,34.4451,,38.6842,,35.7572,,103.276,,96.1299,,101.521,,95.3996,,61.222,,57.2931,,64.4093,,59.9859
118,,36.3393,,34.447,,38.6841,,35.759,,103.276,,96.1299,,101.521,,95.3996,,61.222,,57.2931,,64.4093,,59.9859
119,,36.3393,,34.447,,38.6841,,35.759,,103.276,,96.1299,,101.521,,95.3996,,61.222,,57.2931,,64.4093,,59.9859
120,,36.3389,,34.4486,,38.6837,,35.7607,,103.276,,96.1299,,101.521,,95.3996,,61.222,,57.2931,,64.4093,,59.9859
121,,34.0185,,31.9836,,33.741,,30.8315,,85.4924,,78.0057,,95.5762,,89.0912,,58.5388,,54.5444,,68.129,,63.546
122,,36.3389,,34.4511,,38.6838,,35.763,,103.276,,96.1299,,101.521,,95.3996,,61.222,,57.2931,,64.4093,,59.9859
123,,36.5322,,34.7513,,38.2004,,35.4209,,103.276,,96.1299,,101.521,,95.3996,,61.222,,57.2931,,64.4093,,59.9859
124,,34.1988,,32.2872,,33.0095,,30.2621,,85.4924,,78.0057,,95.5762,,89.0912,,58.5388,,54.5444,,68.129,,63.546
125,,36.5322,,34.7539,,38.2004,,35.4234,,103.276,,96.1299,,101.521,,95.3996,,61.222,,57.2931,,64.4093,,59.9859
126,,36.5319,,34.7572,,38.2003,,35.4265,,103.276,,96.1299,,101.521,,95.3996,,61.222,,57.2931,,64.4093,,59.9859
127,,34.1986,,32.2981,,33.0095,,30.2729,,85.4924,,78.0057,,95.5762,,89.0912,,58.5388,,54.5444,,68.129,,63.546
128,,36.532,,34.765,,38.2005,,35.4338,,103.276,,96.1299,,101.521,,95.3996,,61.222,,57.2931,,64.4093,,59.9859
129,,36.876,,35.1986,,37.8733,,35.2411,,103.276,,96.1299,,101.521,,95.3996,,61.222,,57.2931,,64.4093,,59.9859
130,,34.5398,,32.745,,32.4514,,29.8734,,85.4924,,78.0057,,95.5762,,89.0912,,58.5388,,54.5444,,68.129,,63.546
131,,34.5398,,32.745,,32.4514,,29.8734,,85.4924,,78.0057,,95.5762,,89.0912,,58.5388,,54.5444,,68.129,,63.546
132,,36.8764,,35.201,,37.8738,,35.2436,,103.276,,96.1299,,101.521,,95.3996,,61.222,,57.2931,,64.4093,,59.9859
133,,34.5413,,32.745,,32.4532,,29.8736,,85.4924,,78.0057,,95.5762,,89.0912,,58.5388,,54.5444,,68.129,,63.546
134,,36.8778,,35.2012,,37.8753,,35.2441,,103.276,,96.1299,,101.521,,95.3996,,61.222,,57.2931,,64.4093,,59.9859
135,,37.3641,,35.7587,,37.7044,,35.199,,103.276,,96.1299,,101.521,,95.3996,,61.222,,57.2931,,64.4093,,59.9859
136,,37.3641,,35.7587,,37.7044,,35.199,,103.276,,96.1299,,101.521,,95.3996,,61.222,,57.2931,,64.4093,,59.9859
137,,37.3641,,35.7587,,37.7044,,35.199,,103.276,,96.1299,,101.521,,95.3996,,61.222,,57.2931,,64.4093,,59.9859
138,,37.3641,,35.7587,,37.7044,,35.199,,103.276,,96.1299,,101.521,,95.3996,,61.222,,57.2931,,64.4093,,59.9859
139,,37.3641,,35.7587,,37.7044,,35.199,,103.276,,96.1299,,101.521,,95.3996,,61.222,,57.2931,,64.4093,,59.9859
140,,37.3641,,35.7587,,37.7044,,35.199,,103.276,,96.1299,,101.521,,95.3996,,61.222,,57.2931,,64.4093,,59.9859
141,,37.9905,,36.4227,,37.6957,,35.2916,,103.276,,96.1299,,101.521,,95.3996,,61.222,,57.2931,,64.4093,,59.9859
142,,35.674,,34.0126,,31.8786,,29.5771,,85.4924,,78.0057,,95.5762,,89.0912,,58.5388,,54.5444,,68.129,,63.546
143,,37.9902,,36.4194,,37.6952,,35.2884,,103.276,,96.1299,,101.521,,95.3996,,61.222,,57.2931,,64.4093,,59.9859
144,,37.9905,,36.4149,,37.6954,,35.2841,,103.276,,96.1299,,101.521,,95.3996,,61.222,,57.2931,,64.4093,,59.9859
145,,37.9902,,36.4119,,37.6948,,35.2812,,103.276,,96.1299,,101.521,,95.3996,,61.222,,57.2931,,64.4093,,59.9859
146,,37.9902,,36.4119,,37.6948,,35.2812,,103.276,,96.1299,,101.521,,95.3996,,61.222,,57.2931,,64.4093,,59.9859
147,,37.9904,,36.4077,,37.695,,35.2773,,103.276,,96.1299,,101.521,,95.3996,,61.222,,57.2931,,64.4093,,59.9859
148,,38.7485,,37.1674,,37.847,,35.503,,103.276,,96.1299,,101.521,,95.3996,,61.222,,57.2931,,64.4093,,59.9859
149,,36.455,,34.7872,,31.8767,,29.6538,,85.4924,,78.0057,,95.5762,,89.0912,,58.5388,,54.5444,,68.129,,63.546
150,,38.749,,37.1584,,37.8473,,35.4945,,103.276,,96.1299,,101.521,,95.3996,,61.222,,57.2931,,64.4093,,59.9859
151,,38.7487,,37.1476,,37.8462,,35.4854,,103.276,,96.1299,,101.521,,95.3996,,61.222,,57.2931,,64.4093,,59.9859
152,,38.7497,,37.1326,,37.8462,,35.4729,,103.276,,96.1299,,101.521,,95.3996,,61.222,,57.2931,,64.4093,,59.9859
153,,38.7497,,37.1326,,37.8462,,35.4729,,103.276,,96.1299,,101.521,,95.3996,,61.222,,57.2931,,64.4093,,59.9859
154,,39.6281,,37.9693,,38.1512,,35.8226,,103.276,,96.1299,,101.521,,95.3996,,61.222,,57.2931,,64.4093,,59.9859
155,,39.6294,,37.9421,,38.1508,,35.8002,,103.276,,96.1299,,101.521,,95.3996,,61.222,,57.2931,,64.4093,,59.9859
156,,37.3631,,35.588,,32.0539,,29.8336,,85.4924,,78.0057,,95.5762,,89.0912,,58.5388,,54.5444,,68.129,,63.546
157,,39.6254,,37.9222,,38.1446,,35.7834,,103.276,,96.1299,,101.521,,95.3996,,61.222,,57.2931,,64.4093,,59.9859
158,,39.6216,,37.9069,,38.139,,35.7698,,103.276,,96.1299,,101.521,,95.3996,,61.222,,57.2931,,64.4093,,59.9859
159,,40.6031,,38.8262,,38.5821,,36.2504,,103.276,,96.1299,,101.521,,95.3996,,61.222,,57.2931,,64.4093,,59.9859
160,,40.6031,,38.8262,,38.5821,,36.2504,,103.276,,96.1299,,101.521,,95.3996,,61.222,,57.2931,,64.4093,,59.9859
161,,40.5945,,38.8066,,38.5707,,36.2323,,103.276,,96.1299,,101.521,,95.3996,,61.222,,57.2931,,64.4093,,59.9859
162,,40.584,,38.7891,,38.557,,36.2166,,103.276,,96.1299,,101.521,,95.3996,,61.222,,57.2931,,64.4093,,59.9859
163,,38.3537,,36.4429,,32.3653,,30.1396,,85.4924,,78.0057,,95.5762,,89.0912,,58.5388,,54.5444,,68.129,,63.546
164,,40.5774,,38.7358,,38.5472,,36.1718,,103.276,,96.1299,,101.521,,95.3996,,61.222,,57.2931,,64.4093,,59.9859
165,,40.5634,,38.6843,,38.5301,,36.1258,,103.276,,96.1299,,101.521,,95.3996,,61.222,,57.2931,,64.4093,,59.9859
166,,39.4514,,37.3138,,32.8529,,30.5453,,85.4924,,78.0057,,95.5762,,89.0912,,58.5388,,54.5444,,68.129,,63.546
167,,41.6339,,39.5654,,39.0973,,36.6405,,103.276,,96.1299,,101.521,,95.3996,,61.222,,57.2931,,64.4093,,59.9859
168,,41.6171,,39.4704,,39.0753,,36.5599,,103.276,,96.1299,,101.521,,95.3996,,61.222,,57.2931,,64.4093,,59.9859
169,,41.5964,,39.3546,,39.0531,,36.477,,103.276,,96.1299,,101.521,,95.3996,,61.222,,57.2931,,64.4093,,59.9859
170,,41.5964,,39.3546,,39.0531,,36.477,,103.276,,96.1299,,101.521,,95.3996,,61.222,,57.2931,,64.4093,,59.9859
171,,41.5668,,39.2311,,39.0237,,36.3845,,103.276,,96.1299,,101.521,,95.3996,,61.222,,57.2931,,64.4093,,59.9859
172,,42.7009,,40.019,,39.7032,,36.9028,,103.276,,96.1299,,101.521,,95.3996,,61.222,,57.2931,,64.4093,,59.9859
173,,42.7009,,40.019,,39.7032,,36.9028,,103.276,,96.1299,,101.521,,95.3996,,61.222,,57.2931,,64.4093,,59.9859
174,,42.661,,39.8303,,39.6685,,36.7599,,103.276,,96.1299,,101.521,,95.3996,,61.222,,57.2931,,64.4093,,59.9859
175,,42.6274,,39.6076,,39.6402,,36.5903,,103.276,,96.1299,,101.521,,95.3996,,61.222,,57.2931,,64.4093,,59.9859
176,,42.6274,,39.6076,,39.6402,,36.5903,,103.276,,96.1299,,101.521,,95.3996,,61.222,,57.2931,,64.4093,,59.9859
177,,42.6069,,39.4814,,39.624,,36.4888,,103.276,,96.1299,,101.521,,95.3996,,61.222,,57.2931,,64.4093,,59.9859
178,,41.7686,,38.1435,,34.1787,,30.834,,85.4924,,78.0057,,95.5762,,89.0912,,58.5388,,54.5444,,68.129,,63.546
179,,43.848,,40.3647,,40.46,,37.1371,,103.276,,96.1299,,101.521,,95.3996,,61.222,,57.2931,,64.4093,,59.9859
180,,43.8319,,40.3631,,40.4439,,37.1406,,103.276,,96.1299,,101.521,,95.3996,,61.222,,57.2931,,64.4093,,59.9859
181,,41.7472,,38.1318,,34.1543,,30.8337,,85.4924,,78.0057,,95.5762,,89.0912,,58.5388,,54.5444,,68.129,,63.546
182,,43.8249,,40.3562,,40.4357,,37.1405,,103.276,,96.1299,,101.521,,95.3996,,61.222,,57.2931,,64.4093,,59.9859
183,,43.8073,,40.362,,40.4166,,37.15,,103.276,,96.1299,,101.521,,95.3996,,61.222,,57.2931,,64.4093,,59.9859
184,,43.0935,,39.1408,,35.1024,,31.6245,,85.4924,,78.0057,,95.5762,,89.0912,,58.5388,,54.5444,,68.129,,63.546
185,,45.1207,,41.3253,,41.3654,,37.9327,,103.276,,96.1299,,101.521,,95.3996,,61.222,,57.2931,,64.4093,,59.9859
186,,45.0998,,41.3364,,41.3417,,37.9465,,103.276,,96.1299,,101.521,,95.3996,,61.222,,57.2931,,64.4093,,59.9859
187,,45.0998,,41.3364,,41.3417,,37.9465,,103.276,,96.1299,,101.521,,95.3996,,61.222,,57.2931,,64.4093,,59.9859
188,,45.0901,,41.3382,,41.3283,,37.9542,,103.276,,96.1299,,101.521,,95.3996,,61.222,,57.2931,,64.4093,,59.9859
189,,45.0684,,41.3494,,41.3034,,37.9672,,103.276,,96.1299,,101.521,,95.3996,,61.222,,57.2931,,64.4093,,59.9859
190,,45.0684,,41.3494,,41.3034,,37.9672,,103.276,,96.1299,,101.521,,95.3996,,61.222,,57.2931,,64.4093,,59.9859
191,,46.4457,,42.3677,,42.3554,,38.8547,,103.276,,96.1299,,101.521,,95.3996,,61.222,,57.2931,,64.4093,,59.9859
192,,46.4185,,42.3688,,42.3251,,38.8602,,103.276,,96.1299,,101.521,,95.3996,,61.222,,57.2931,,64.4093,,59.9859
193,,44.4343,,40.2091,,36.0793,,32.5659,,85.4924,,78.0057,,95.5762,,89.0912,,58.5388,,54.5444,,68.129,,63.546
194,,46.4051,,42.358,,42.3077,,38.8582,,103.276,,96.1299,,101.521,,95.3996,,61.222,,57.2931,,64.4093,,59.9859
195,,46.3795,,42.3591,,42.2796,,38.863,,103.276,,96.1299,,101.521,,95.3996,,61.222,,57.2931,,64.4093,,59.9859
196,,47.8191,,43.4255,,43.4323,,39.8457,,103.276,,96.1299,,101.521,,95.3996,,61.222,,57.2931,,64.4093,,59.9859
197,,45.8762,,41.3164,,37.2285,,33.5906,,85.4924,,78.0057,,95.5762,,89.0912,,58.5388,,54.5444,,68.129,,63.546
198,,47.7927,,43.4255,,43.404,,39.8494,,103.276,,96.1299,,101.521,,95.3996,,61.222,,57.2931,,64.4093,,59.9859
199,,47.7821,,43.4126,,43.3898,,39.8462,,103.276,,96.1299,,101.521,,95.3996,,61.222,,57.2931,,64.4093,,59.9859
200,,47.7589,,43.4133,,43.3655,,39.8495,,103.276,,96.1299,,101.521,,95.3996,,61.222,,57.2931,,64.4093,,59.9859
201,,47.7513,,43.4016,,43.3549,,39.8461,,103.276,,96.1299,,101.521,,95.3996,,61.222,,57.2931,,64.4093,,59.9859
202,,49.2375,,44.5293,,44.5938,,40.9258,,103.276,,96.1299,,101.521,,95.3996,,61.222,,57.2931,,64.4093,,59.9859
203,,47.3687,,42.4436,,38.4732,,34.707,,85.4924,,78.0057,,95.5762,,89.0912,,58.5388,,54.5444,,68.129,,63.546
204,,49.2304,,44.5149,,44.5836,,40.9216,,103.276,,96.1299,,101.521,,95.3996,,61.222,,57.2931,,64.4093,,59.9859
205,,49.2092,,44.5145,,44.562,,40.9236,,103.276,,96.1299,,101.521,,95.3996,,61.222,,57.2931,,64.4093,,59.9859
206,,49.2048,,44.5021,,44.5551,,40.9198,,103.276,,96.1299,,101.521,,95.3996,,61.222,,57.2931,,64.4093,,59.9859
207,,49.1857,,44.5034,,44.5359,,40.9219,,103.276,,96.1299,,101.521,,95.3996,,61.222,,57.2931,,64.4093,,59.9859
208,,48.9347,,43.6313,,39.8451,,35.9215,,85.4924,,78.0057,,95.5762,,89.0912,,58.5388,,54.5444,,68.129,,63.546
209,,50.7435,,45.6632,,45.8792,,42.0792,,103.276,,96.1299,,101.521,,95.3996,,61.222,,57.2931,,64.4093,,59.9859
210,,50.7238,,45.6618,,45.8598,,42.08,,103.276,,96.1299,,101.521,,95.3996,,61.222,,57.2931,,64.4093,,59.9859
211,,50.7196,,45.6471,,45.8526,,42.076,,103.276,,96.1299,,101.521,,95.3996,,61.222,,57.2931,,64.4093,,59.9859
212,,50.7007,,45.6465,,45.8339,,42.077,,103.276,,96.1299,,101.521,,95.3996,,61.222,,57.2931,,64.4093,,59.9859
213,,48.8922,,43.5986,,39.7943,,35.9103,,85.4924,,78.0057,,95.5762,,89.0912,,58.5388,,54.5444,,68.129,,63.546
214,,50.6978,,45.6348,,45.8286,,42.0737,,103.276,,96.1299,,101.521,,95.3996,,61.222,,57.2931,,64.4093,,59.9859
215,,52.2934,,46.8492,,47.2453,,43.3117,,103.276,,96.1299,,101.521,,95.3996,,61.222,,57.2931,,64.4093,,59.9859
216,,52.2901,,46.8334,,47.2393,,43.3075,,103.276,,96.1299,,101.521,,95.3996,,61.222,,57.2931,,64.4093,,59.9859
217,,52.2734,,46.8324,,47.224,,43.3073,,103.276,,96.1299,,101.521,,95.3996,,61.222,,57.2931,,64.4093,,59.9859
218,,50.5078,,44.8125,,41.2551,,37.2034,,85.4924,,78.0057,,95.5762,,89.0912,,58.5388,,54.5444,,68.129,,63.546
219,,50.4708,,44.8073,,41.2137,,37.2046,,85.4924,,78.0057,,95.5762,,89.0912,,58.5388,,54.5444,,68.129,,63.546
220,,52.2224,,46.807,,47.165,,43.3058,,103.276,,96.1299,,101.521,,95.3996,,61.222,,57.2931,,64.4093,,59.9859
221,,53.8457,,48.0358,,48.6255,,44.6141,,103.276,,96.1299,,101.521,,95.3996,,61.222,,57.2931,,64.4093,,59.9859
222,,53.7854,,48.0203,,48.5538,,44.6212,,103.276,,96.1299,,101.521,,95.3996,,61.222,,57.2931,,64.4093,,59.9859
223,,53.7343,,47.9389,,48.4737,,44.6021,,103.276,,96.1299,,101.521,,95.3996,,61.222,,57.2931,,64.4093,,59.9859
224,,53.6135,,47.9083,,48.3308,,44.6218,,103.276,,96.1299,,101.521,,95.3996,,61.222,,57.2931,,64.4093,,59.9859
225,,51.8253,,45.8333,,42.3165,,38.5578,,85.4924,,78.0057,,95.5762,,89.0912,,58.5388,,54.5444,,68.129,,63.546
226,,53.5193,,47.8111,,48.2076,,44.5995,,103.276,,96.1299,,101.521,,95.3996,,61.222,,57.2931,,64.4093,,59.9859
227,,55.0189,,48.9345,,49.5676,,45.8834,,103.276,,96.1299,,101.521,,95.3996,,61.222,,57.2931,,64.4093,,59.9859
228,,54.6375,,48.6013,,49.23,,45.6884,,103.276,,96.1299,,101.521,,95.3996,,61.222,,57.2931,,64.4093,,59.9859
229,,52.4959,,46.2891,,42.9135,,39.4415,,85.4924,,78.0057,,95.5762,,89.0912,,58.5388,,54.5444,,68.129,,63.546
230,,54.1181,,48.2563,,48.7547,,45.4719,,103.276,,96.1299,,101.521,,95.3996,,61.222,,57.2931,,64.4093,,59.9859
231,,53.4753,,47.7985,,48.1797,,45.1962,,103.276,,96.1299,,101.521,,95.3996,,61.222,,57.2931,,64.4093,,59.9859
232,,52.6671,,47.3409,,47.4864,,44.9086,,103.276,,96.1299,,101.521,,95.3996,,61.222,,57.2931,,64.4093,,59.9859
233,,52.6671,,47.3409,,47.4864,,44.9086,,103.276,,96.1299,,101.521,,95.3996,,61.222,,57.2931,,64.4093,,59.9859
234,,53.4755,,47.9543,,48.2903,,45.9695,,103.276,,96.1299,,101.521,,95.3996,,61.222,,57.2931,,64.4093,,59.9859
235,,51.0731,,45.2884,,41.6736,,39.4985,,85.4924,,78.0057,,95.5762,,89.0912,,58.5388,,54.5444,,68.129,,63.546
236,,52.6116,,47.2836,,47.5794,,45.5971,,103.276,,96.1299,,101.521,,95.3996,,61.222,,57.2931,,64.4093,,59.9859
237,,51.4148,,46.3479,,46.7319,,45.1083,,103.276,,96.1299,,101.521,,95.3996,,61.222,,57.2931,,64.4093,,59.9859
238,,51.4148,,46.3479,,46.7319,,45.1083,,103.276,,96.1299,,101.521,,95.3996,,61.222,,57.2931,,64.4093,,59.9859
239,,51.0495,,46.2378,,47.0648,,45.9304,,103.276,,96.1299,,101.521,,95.3996,,61.222,,57.2931,,64.4093,,59.9859
240,,51.0495,,46.2378,,47.0648,,45.9304,,103.276,,96.1299,,101.521,,95.3996,,61.222,,57.2931,,64.4093,,59.9859
241,,49.0811,,44.745,,45.9713,,45.1929,,103.276,,96.1299,,101.521,,95.3996,,61.222,,57.2931,,64.4093,,59.9859
242,,49.0811,,44.745,,45.9713,,45.1929,,103.276,,96.1299,,101.521,,95.3996,,61.222,,57.2931,,64.4093,,59.9859
243,,47.0209,,43.1295,,44.899,,44.4207,,103.276,,96.1299,,101.521,,95.3996,,61.222,,57.2931,,64.4093,,59.9859
244,,47.0209,,43.1295,,44.899,,44.4207,,103.276,,96.1299,,101.521,,95.3996,,61.222,,57.2931,,64.4093,,59.9859
245,,44.1451,,40.1926,,38.76,,38.8715,,85.4924,,78.0057,,95.5762,,89.0912,,58.5388,,54.5444,,68.129,,63.546
246,,45.8225,,42.3099,,45.1274,,45.1134,,103.276,,96.1299,,101.521,,95.3996,,61.222,,57.2931,,64.4093,,59.9859
247,,45.8225,,42.3099,,45.1274,,45.1134,,103.276,,96.1299,,101.521,,95.3996,,61.222,,57.2931,,64.4093,,59.9859
248,,43.5562,,40.8276,,44.1527,,44.5337,,103.276,,96.1299,,101.521,,95.3996,,61.222,,57.2931,,64.4093,,59.9859
249,,43.5562,,40.8276,,44.1527,,44.5337,,103.276,,96.1299,,101.521,,95.3996,,61.222,,57.2931,,64.4093,,59.9859
250,,39.5295,,37.536,,36.6808,,37.8348,,85.4924,,78.0057,,95.5762,,89.0912,,58.5388,,54.5444,,68.129,,63.546
251,,41.3647,,39.6807,,43.3157,,44.0953,,103.276,,96.1299,,101.521,,95.3996,,61.222,,57.2931,,64.4093,,59.9859
252,,41.3647,,39.6807,,43.3157,,44.0953,,103.276,,96.1299,,101.521,,95.3996,,61.222,,57.2931,,64.4093,,59.9859
253,,39.9605,,39.6044,,43.916,,45.2461,,103.276,,96.1299,,101.521,,95.3996,,61.222,,57.2931,,64.4093,,59.9859
254,,39.9605,,39.6044,,43.916,,45.2461,,103.276,,96.1299,,101.521,,95.3996,,61.222,,57.2931,,64.4093,,59.9859
255,,36.2963,,37.2282,,36.788,,38.9136,,85.4924,,78.0057,,95.5762,,89.0912,,58.5388,,54.5444,,68.129,,63.546
256,,38.2353,,39.2602,,43.4466,,44.9786,,103.276,,96.1299,,101.521,,95.3996,,61.222,,57.2931,,64.4093,,59.9859
257,,38.2353,,39.2602,,43.4466,,44.9786,,103.276,,96.1299,,101.521,,95.3996,,61.222,,57.2931,,64.4093,,59.9859
258,,38.2353,,39.2602,,43.4466,,44.9786,,103.276,,96.1299,,101.521,,95.3996,,61.222,,57.2931,,64.4093,,59.9859
259,,37.4248,,39.9242,,44.4557,,46.301,,103.276,,96.1299,,101.521,,95.3996,,61.222,,57.2931,,64.4093,,59.9859
260,,37.4248,,39.9242,,44.4557,,46.301,,103.276,,96.1299,,101.521,,95.3996,,61.222,,57.2931,,64.4093,,59.9859
261,,37.4248,,39.9242,,44.4557,,46.301,,103.276,,96.1299,,101.521,,95.3996,,61.222,,57.2931,,64.4093,,59.9859
262,,36.6264,,40.0464,,44.2392,,46.1405,,103.276,,96.1299,,101.521,,95.3996,,61.222,,57.2931,,64.4093,,59.9859
263,,36.6264,,40.0464,,44.2392,,46.1405,,103.276,,96.1299,,101.521,,95.3996,,61.222,,57.2931,,64.4093,,59.9859
264,,35.06,,39.0786,,39.2428,,41.6087,,85.4924,,78.0057,,95.5762,,89.0912,,58.5388,,54.5444,,68.129,,63.546
265,,36.8371,,40.9794,,45.4954,,47.4686,,103.276,,96.1299,,101.521,,95.3996,,61.222,,57.2931,,64.4093,,59.9859
266,,36.8371,,40.9794,,45.4954,,47.4686,,103.276,,96.1299,,101.521,,95.3996,,61.222,,57.2931,,64.4093,,59.9859
267,,37.0156,,41.1885,,45.5138,,47.2716,,103.276,,96.1299,,101.521,,95.3996,,61.222,,57.2931,,64.4093,,59.9859
268,,37.0156,,41.1885,,45.5138,,47.2716,,103.276,,96.1299,,101.521,,95.3996,,61.222,,57.2931,,64.4093,,59.9859
269,,37.2499,,41.3097,,45.7085,,47.1381,,103.276,,96.1299,,101.521,,95.3996,,61.222,,57.2931,,64.4093,,59.9859
270,,37.2499,,41.3097,,45.7085,,47.1381,,103.276,,96.1299,,101.521,,95.3996,,61.222,,57.2931,,64.4093,,59.9859
271,,37.2499,,41.3097,,45.7085,,47.1381,,103.276,,96.1299,,101.521,,95.3996,,61.222,,57.2931,,64.4093,,59.9859
272,,38.2762,,42.2219,,47.2005,,48.423,,103.276,,96.1299,,101.521,,95.3996,,61.222,,57.2931,,64.4093,,59.9859
273,,38.2762,,42.2219,,47.2005,,48.423,,103.276,,96.1299,,101.521,,95.3996,,61.222,,57.2931,,64.4093,,59.9859
274,,37.5174,,40.5447,,41.3609,,42.2928,,85.4924,,78.0057,,95.5762,,89.0912,,58.5388,,54.5444,,68.129,,63.546
275,,38.9643,,42.4083,,47.1998,,48.182,,103.276,,96.1299,,101.521,,95.3996,,61.222,,57.2931,,64.4093,,59.9859
276,,38.7508,,41.5751,,43.2021,,43.8862,,85.4924,,78.0057,,95.5762,,89.0912,,58.5388,,54.5444,,68.129,,63.546
277,,40.1142,,43.3825,,48.8775,,49.6617,,103.276,,96.1299,,101.521,,95.3996,,61.222,,57.2931,,64.4093,,59.9859
278,,40.5918,,43.57,,48.8155,,49.6027,,103.276,,96.1299,,101.521,,95.3996,,61.222,,57.2931,,64.4093,,59.9859
279,,40.5918,,43.57,,48.8155,,49.6027,,103.276,,96.1299,,101.521,,95.3996,,61.222,,57.2931,,64.4093,,59.9859
280,,40.9536,,43.6258,,48.8137,,49.5399,,103.276,,96.1299,,101.521,,95.3996,,61.222,,57.2931,,64.4093,,59.9859
281,,40.9536,,43.6258,,48.8137,,49.5399,,103.276,,96.1299,,101.521,,95.3996,,61.222,,57.2931,,64.4093,,59.9859
282,,41.6494,,44.223,,50.7121,,51.1585,,103.276,,96.1299,,101.521,,95.3996,,61.222,,57.2931,,64.4093,,59.9859
283,,41.6494,,44.223,,50.7121,,51.1585,,103.276,,96.1299,,101.521,,95.3996,,61.222,,57.2931,,64.4093,,59.9859
284,,41.3146,,43.9608,,50.8457,,51.2012,,103.276,,96.1299,,101.521,,95.3996,,61.222,,57.2931,,64.4093,,59.9859
285,,41.3146,,43.9608,,50.8457,,51.2012,,103.276,,96.1299,,101.521,,95.3996,,61.222,,57.2931,,64.4093,,59.9859
286,,39.5074,,41.9418,,45.3814,,45.5803,,85.4924,,78.0057,,95.5762,,89.0912,,58.5388,,54.5444,,68.129,,63.546
287,,40.9129,,43.72,,50.9836,,51.2423,,103.276,,96.1299,,101.521,,95.3996,,61.222,,57.2931,,64.4093,,59.9859
288,,40.9129,,43.72,,50.9836,,51.2423,,103.276,,96.1299,,101.521,,95.3996,,61.222,,57.2931,,64.4093,,59.9859
289,,40.9129,,43.72,,50.9836,,51.2423,,103.276,,96.1299,,101.521,,95.3996,,61.222,,57.2931,,64.4093,,59.9859
290,,41.1725,,44.3734,,52.7814,,52.9167,,103.276,,96.1299,,101.521,,95.3996,,61.222,,57.2931,,64.4093,,59.9859
291,,41.1725,,44.3734,,52.7814,,52.9167,,103.276,,96.1299,,101.521,,95.3996,,61.222,,57.2931,,64.4093,,59.9859
292,,41.1725,,44.3734,,52.7814,,52.9167,,103.276,,96.1299,,101.521,,95.3996,,61.222,,57.2931,,64.4093,,59.9859
293,,40.7953,,44.3967,,52.8981,,53.0177,,103.276,,96.1299,,101.521,,95.3996,,61.222,,57.2931,,64.4093,,59.9859
294,,40.7953,,44.3967,,52.8981,,53.0177,,103.276,,96.1299,,101.521,,95.3996,,61.222,,57.2931,,64.4093,,59.9859
295,,40.7953,,44.3967,,52.8981,,53.0177,,103.276,,96.1299,,101.521,,95.3996,,61.222,,57.2931,,64.4093,,59.9859
296,,41.1888,,45.4201,,54.7016,,54.81,,103.276,,96.1299,,101.521,,95.3996,,61.222,,57.2931,,64.4093,,59.9859
297,,41.1888,,45.4201,,54.7016,,54.81,,103.276,,96.1299,,101.521,,95.3996,,61.222,,57.2931,,64.4093,,59.9859
298,,41.1888,,45.4201,,54.7016,,54.81,,103.276,,96.1299,,101.521,,95.3996,,61.222,,57.2931,,64.4093,,59.9859
299,,41.0403,,45.8121,,54.7951,,54.9786,,103.276,,96.1299,,101.521,,95.3996,,61.222,,57.2931,,64.4093,,59.9859
300,,41.0403,,45.8121,,54.7951,,54.9786,,103.276,,96.1299,,101.521,,95.3996,,61.222,,57.2931,,64.4093,,59.9859
301,,40.1676,,45.6682,,51.2278,,51.6138,,85.4924,,78.0057,,95.5762,,89.0912,,58.5388,,54.5444,,68.129,,63.546
302,,41.6864,,47.2642,,56.6314,,56.8776,,103.276,,96.1299,,101.521,,95.3996,,61.222,,57.2931,,64.4093,,59.9859
303,,41.6864,,47.2642,,56.6314,,56.8776,,103.276,,96.1299,,101.521,,95.3996,,61.222,,57.2931,,64.4093,,59.9859
304,,41.8143,,48.0773,,56.7489,,57.1044,,103.276,,96.1299,,101.521,,95.3996,,61.222,,57.2931,,64.4093,,59.9859
305,,41.8143,,48.0773,,56.7489,,57.1044,,103.276,,96.1299,,101.521,,95.3996,,61.222,,57.2931,,64.4093,,59.9859
306,,41.8143,,48.0773,,56.7489,,57.1044,,103.276,,96.1299,,101.521,,95.3996,,61.222,,57.2931,,64.4093,,59.9859
307,,42.7081,,50.0051,,58.6688,,59.1283,,103.276,,96.1299,,101.521,,95.3996,,61.222,,57.2931,,64.4093,,59.9859
308,,42.7081,,50.0051,,58.6688,,59.1283,,103.276,,96.1299,,101.521,,95.3996,,61.222,,57.2931,,64.4093,,59.9859
309,,41.3601,,49.5353,,53.4859,,54.3482,,85.4924,,78.0057,,95.5762,,89.0912,,58.5388,,54.5444,,68.129,,63.546
310,,42.9694,,51.0318,,58.8803,,59.4681,,103.276,,96.1299,,101.521,,95.3996,,61.222,,57.2931,,64.4093,,59.9859
311,,43.1782,,51.9993,,59.0493,,59.7861,,103.276,,96.1299,,101.521,,95.3996,,61.222,,57.2931,,64.4093,,59.9859
312,,41.7207,,51.2153,,53.7419,,54.8419,,85.4924,,78.0057,,95.5762,,89.0912,,58.5388,,54.5444,,68.129,,63.546
313,,43.3681,,52.7031,,59.1583,,59.9616,,103.276,,96.1299,,101.521,,95.3996,,61.222,,57.2931,,64.4093,,59.9859
314,,43.9702,,54.3809,,61.0486,,61.8548,,103.276,,96.1299,,101.521,,95.3996,,61.222,,57.2931,,64.4093,,59.9859
315,,43.9702,,54.3809,,61.0486,,61.8548,,103.276,,96.1299,,101.521,,95.3996,,61.222,,57.2931,,64.4093,,59.9859
316,,43.9702,,54.3809,,61.0486,,61.8548,,103.276,,96.1299,,101.521,,95.3996,,61.222,,57.2931,,64.4093,,59.9859
317,,44.0137,,55.0344,,61.2004,,61.9581,,103.276,,96.1299,,101.521,,95.3996,,61.222,,57.2931,,64.4093,,59.9859
318,,43.9023,,55.5947,,61.2832,,62.0992,,103.276,,96.1299,,101.521,,95.3996,,61.222,,57.2931,,64.4093,,59.9859
319,,43.9023,,55.5947,,61.2832,,62.0992,,103.276,,96.1299,,101.521,,95.3996,,61.222,,57.2931,,64.4093,,59.9859
320,,43.9023,,55.5947,,61.2832,,62.0992,,103.276,,96.1299,,101.521,,95.3996,,61.222,,57.2931,,64.4093,,59.9859
321,,43.2339,,55.9586,,58.0825,,58.9938,,85.4924,,78.0057,,95.5762,,89.0912,,58.5388,,54.5444,,68.129,,63.546
322,,44.8362,,57.3375,,63.2929,,63.9406,,103.276,,96.1299,,101.521,,95.3996,,61.222,,57.2931,,64.4093,,59.9859
323,,44.8233,,57.8302,,63.3475,,64.0604,,103.276,,96.1299,,101.521,,95.3996,,61.222,,57.2931,,64.4093,,59.9859
324,,44.8233,,57.8302,,63.3475,,64.0604,,103.276,,96.1299,,101.521,,95.3996,,61.222,,57.2931,,64.4093,,59.9859
325,,44.8233,,57.8302,,63.3475,,64.0604,,103.276,,96.1299,,101.521,,95.3996,,61.222,,57.2931,,64.4093,,59.9859
326,,44.8233,,57.8302,,63.3475,,64.0604,,103.276,,96.1299,,101.521,,95.3996,,61.222,,57.2931,,64.4093,,59.9859
327,,45.9437,,59.5666,,65.3442,,65.8842,,103.276,,96.1299,,101.521,,95.3996,,61.222,,57.2931,,64.4093,,59.9859
328,,45.9437,,59.5666,,65.3442,,65.8842,,103.276,,96.1299,,101.521,,95.3996,,61.222,,57.2931,,64.4093,,59.9859
329,,46.0189,,59.9819,,65.3393,,65.9753,,103.276,,96.1299,,101.521,,95.3996,,61.222,,57.2931,,64.4093,,59.9859
330,,46.0189,,59.9819,,65.3393,,65.9753,,103.276,,96.1299,,101.521,,95.3996,,61.222,,57.2931,,64.4093,,59.9859
331,,46.0189,,59.9819,,65.3393,,65.9753,,103.276,,96.1299,,101.521,,95.3996,,61.222,,57.2931,,64.4093,,59.9859
332,,46.0189,,59.9819,,65.3393,,65.9753,,103.276,,96.1299,,101.521,,95.3996,,61.222,,57.2931,,64.4093,,59.9859
333,,47.3274,,61.7059,,67.3069,,67.7785,,103.276,,96.1299,,101.521,,95.3996,,61.222,,57.2931,,64.4093,,59.9859
334,,47.3274,,61.7059,,67.3069,,67.7785,,103.276,,96.1299,,101.521,,95.3996,,61.222,,57.2931,,64.4093,,59.9859
335,,46.0975,,60.7671,,62.277,,63.039,,85.4924,,78.0057,,95.5762,,89.0912,,58.5388,,54.5444,,68.129,,63.546
336,,47.5309,,62.0621,,67.2404,,67.8475,,103.276,,96.1299,,101.521,,95.3996,,61.222,,57.2931,,64.4093,,59.9859
337,,47.5309,,62.0621,,67.2404,,67.8475,,103.276,,96.1299,,101.521,,95.3996,,61.222,,57.2931,,64.4093,,59.9859
338,,47.5309,,62.0621,,67.2404,,67.8475,,103.276,,96.1299,,101.521,,95.3996,,61.222,,57.2931,,64.4093,,59.9859
339,,49.0226,,63.7697,,69.1792,,69.6465,,103.276,,96.1299,,101.521,,95.3996,,61.222,,57.2931,,64.4093,,59.9859
340,,49.0226,,63.7697,,69.1792,,69.6465,,103.276,,96.1299,,101.521,,95.3996,,61.222,,57.2931,,64.4093,,59.9859
341,,49.0226,,63.7697,,69.1792,,69.6465,,103.276,,96.1299,,101.521,,95.3996,,61.222,,57.2931,,64.4093,,59.9859
342,,49.3161,,64.0697,,69.0749,,69.7028,,103.276,,96.1299,,101.521,,95.3996,,61.222,,57.2931,,64.4093,,59.9859
343,,49.3161,,64.0697,,69.0749,,69.7028,,103.276,,96.1299,,101.521,,95.3996,,61.222,,57.2931,,64.4093,,59.9859
344,,49.7294,,64.509,,66.3118,,66.7873,,85.4924,,78.0057,,95.5762,,89.0912,,58.5388,,54.5444,,68.129,,63.546
345,,50.9398,,65.7517,,71.0173,,71.4902,,103.276,,96.1299,,101.521,,95.3996,,61.222,,57.2931,,64.4093,,59.9859
346,,50.9398,,65.7517,,71.0173,,71.4902,,103.276,,96.1299,,101.521,,95.3996,,61.222,,57.2931,,64.4093,,59.9859
347,,51.2682,,65.9944,,70.9066,,71.5354,,103.276,,96.1299,,101.521,,95.3996,,61.222,,57.2931,,64.4093,,59.9859
348,,51.2682,,65.9944,,70.9066,,71.5354,,103.276,,96.1299,,101.521,,95.3996,,61.222,,57.2931,,64.4093,,59.9859
349,,51.2682,,65.9944,,70.9066,,71.5354,,103.276,,96.1299,,101.521,,95.3996,,61.222,,57.2931,,64.4093,,59.9859
350,,51.2682,,65.9944,,70.9066,,71.5354,,103.276,,96.1299,,101.521,,95.3996,,61.222,,57.2931,,64.4093,,59.9859
351,,52.9475,,67.6449,,72.8788,,73.3161,,103.276,,96.1299,,101.521,,95.3996,,61.222,,57.2931,,64.4093,,59.9859
352,,52.9475,,67.6449,,72.8788,,73.3161,,103.276,,96.1299,,101.521,,95.3996,,61.222,,57.2931,,64.4093,,59.9859
353,,52.1956,,66.6137,,68.2282,,68.6937,,85.4924,,78.0057,,95.5762,,89.0912,,58.5388,,54.5444,,68.129,,63.546
354,,53.2472,,67.8358,,72.7786,,73.3526,,103.276,,96.1299,,101.521,,95.3996,,61.222,,57.2931,,64.4093,,59.9859
355,,53.2472,,67.8358,,72.7786,,73.3526,,103.276,,96.1299,,101.521,,95.3996,,61.222,,57.2931,,64.4093,,59.9859
356,,54.8888,,69.455,,74.775,,75.143,,103.276,,96.1299,,101.521,,95.3996,,61.222,,57.2931,,64.4093,,59.9859
357,,54.8888,,69.455,,74.775,,75.143,,103.276,,96.1299,,101.521,,95.3996,,61.222,,57.2931,,64.4093,,59.9859
358,,54.8888,,69.455,,74.775,,75.143,,103.276,,96.1299,,101.521,,95.3996,,61.222,,57.2931,,64.4093,,59.9859
359,,55.0966,,69.6028,,74.6858,,75.191,,103.276,,96.1299,,101.521,,95.3996,,61.222,,57.2931,,64.4093,,59.9859
360,,55.0966,,69.6028,,74.6858,,75.191,,103.276,,96.1299,,101.521,,95.3996,,61.222,,57.2931,,64.4093,,59.9859
361,,54.5882,,68.6247,,70.2698,,70.5812,,85.4924,,78.0057,,95.5762,,89.0912,,58.5388,,54.5444,,68.129,,63.546
362,,55.5077,,69.8305,,74.6779,,75.2018,,103.276,,96.1299,,101.521,,95.3996,,61.222,,57.2931,,64.4093,,59.9859
363,,55.5077,,69.8305,,74.6779,,75.2018,,103.276,,96.1299,,101.521,,95.3996,,61.222,,57.2931,,64.4093,,59.9859
364,,56.7993,,71.3114,,76.6194,,77.0461,,103.276,,96.1299,,101.521,,95.3996,,61.222,,57.2931,,64.4093,,59.9859
365,,56.7993,,71.3114,,76.6194,,77.0461,,103.276,,96.1299,,101.521,,95.3996,,61.222,,57.2931,,64.4093,,59.9859
366,,57.0974,,71.4634,,76.6688,,77.0216,,103.276,,96.1299,,101.521,,95.3996,,61.222,,57.2931,,64.4093,,59.9859
367,,57.0974,,71.4634,,76.6688,,77.0216,,103.276,,96.1299,,101.521,,95.3996,,61.222,,57.2931,,64.4093,,59.9859
368,,58.5036,,72.9722,,78.631,,78.8558,,103.276,,96.1299,,101.521,,95.3996,,61.222,,57.2931,,64.4093,,59.9859
369,,58.5036,,72.9722,,78.631,,78.8558,,103.276,,96.1299,,101.521,,95.3996,,61.222,,57.2931,,64.4093,,59.9859
370,,58.0901,,71.903,,74.4798,,74.2878,,85.4924,,78.0057,,95.5762,,89.0912,,58.5388,,54.5444,,68.129,,63.546
371,,58.8709,,73.0614,,78.6963,,78.811,,103.276,,96.1299,,101.521,,95.3996,,61.222,,57.2931,,64.4093,,59.9859
372,,59.3009,,73.1557,,78.6525,,78.8208,,103.276,,96.1299,,101.521,,95.3996,,61.222,,57.2931,,64.4093,,59.9859
373,,59.3009,,73.1557,,78.6525,,78.8208,,103.276,,96.1299,,101.521,,95.3996,,61.222,,57.2931,,64.4093,,59.9859
374,,61.3323,,74.701,,80.7254,,80.6034,,103.276,,96.1299,,101.521,,95.3996,,61.222,,57.2931,,64.4093,,59.9859
375,,61.3323,,74.701,,80.7254,,80.6034,,103.276,,96.1299,,101.521,,95.3996,,61.222,,57.2931,,64.4093,,59.9859
376,,61.979,,74.7215,,80.7463,,80.5729,,103.276,,96.1299,,101.521,,95.3996,,61.222,,57.2931,,64.4093,,59.9859
377,,61.979,,74.7215,,80.7463,,80.5729,,103.276,,96.1299,,101.521,,95.3996,,61.222,,57.2931,,64.4093,,59.9859
378,,62.8746,,74.848,,80.7676,,80.5207,,103.276,,96.1299,,101.521,,95.3996,,61.222,,57.2931,,64.4093,,59.9859
379,,62.8746,,74.848,,80.7676,,80.5207,,103.276,,96.1299,,101.521,,95.3996,,61.222,,57.2931,,64.4093,,59.9859
380,,63.3818,,74.8799,,80.7586,,80.5641,,103.276,,96.1299,,101.521,,95.3996,,61.222,,57.2931,,64.4093,,59.9859
381,,65.157,,76.3586,,82.8406,,82.3661,,103.276,,96.1299,,101.521,,95.3996,,61.222,,57.2931,,64.4093,,59.9859
382,,65.157,,76.3586,,82.8406,,82.3661,,103.276,,96.1299,,101.521,,95.3996,,61.222,,57.2931,,64.4093,,59.9859
383,,65.8304,,76.4588,,82.7065,,82.3419,,103.276,,96.1299,,101.521,,95.3996,,61.222,,57.2931,,64.4093,,59.9859
384,,65.3833,,75.3562,,78.7108,,78.0553,,85.4924,,78.0057,,95.5762,,89.0912,,58.5388,,54.5444,,68.129,,63.546
385,,65.9872,,76.4361,,82.7373,,82.4454,,103.276,,96.1299,,101.521,,95.3996,,61.222,,57.2931,,64.4093,,59.9859
386,,66.3207,,76.547,,82.6883,,82.5531,,103.276,,96.1299,,101.521,,95.3996,,61.222,,57.2931,,64.4093,,59.9859
387,,67.5659,,77.0336,,80.7108,,80.1515,,85.4924,,78.0057,,95.5762,,89.0912,,58.5388,,54.5444,,68.129,,63.546
388,,68.1329,,78.0841,,84.6817,,84.4786,,103.276,,96.1299,,101.521,,95.3996,,61.222,,57.2931,,64.4093,,59.9859
389,,68.2023,,78.1873,,84.5286,,84.7488,,103.276,,96.1299,,101.521,,95.3996,,61.222,,57.2931,,64.4093,,59.9859
390,,68.0328,,77.3499,,80.3715,,80.5917,,85.4924,,78.0057,,95.5762,,89.0912,,58.5388,,54.5444,,68.129,,63.546
391,,68.6112,,78.3839,,84.3726,,84.8827,,103.276,,96.1299,,101.521,,95.3996,,61.222,,57.2931,,64.4093,,59.9859
392,,68.6569,,78.3774,,84.1939,,85.1035,,103.276,,96.1299,,101.521,,95.3996,,61.222,,57.2931,,64.4093,,59.9859
393,,69.4631,,78.9569,,82.1008,,82.9741,,85.4924,,78.0057,,95.5762,,89.0912,,58.5388,,54.5444,,68.129,,63.546
394,,70.058,,79.9454,,86.1062,,87.1731,,103.276,,96.1299,,101.521,,95.3996,,61.222,,57.2931,,64.4093,,59.9859
395,,70.3592,,80.0888,,85.9123,,87.3418,,103.276,,96.1299,,101.521,,95.3996,,61.222,,57.2931,,64.4093,,59.9859
396,,69.627,,79.1131,,81.8133,,83.3662,,85.4924,,78.0057,,95.5762,,89.0912,,58.5388,,54.5444,,68.129,,63.546
397,,70.2499,,80.0838,,85.8619,,87.5293,,103.276,,96.1299,,101.521,,95.3996,,61.222,,57.2931,,64.4093,,59.9859
398,,71.2504,,80.8261,,83.6778,,85.5201,,85.4924,,78.0057,,95.5762,,89.0912,,58.5388,,54.5444,,68.129,,63.546
399,,71.8409,,81.7666,,87.6759,,89.6221,,103.276,,96.1299,,101.521,,95.3996,,61.222,,57.2931,,64.4093,,59.9859
400,,71.8952,,81.7792,,87.6452,,89.7285,,103.276,,96.1299,,101.521,,95.3996,,61.222,,57.2931,,64.4093,,59.9859
401,,71.8952,,81.7792,,87.6452,,89.7285,,103.276,,96.1299,,101.521,,95.3996,,61.222,,57.2931,,64.4093,,59.9859
402,,71.9248,,81.8769,,87.5043,,89.8837,,103.276,,96.1299,,101.521,,95.3996,,61.222,,57.2931,,64.4093,,59.9859
403,,71.9248,,81.8769,,87.5043,,89.8837,,103.276,,96.1299,,101.521,,95.3996,,61.222,,57.2931,,64.4093,,59.9859
404,,72.1343,,81.9224,,87.4768,,89.8893,,103.276,,96.1299,,101.521,,95.3996,,61.222,,57.2931,,64.4093,,59.9859
405,,73.4874,,83.4872,,89.3448,,91.9611,,103.276,,96.1299,,101.521,,95.3996,,61.222,,57.2931,,64.4093,,59.9859
406,,73.0822,,82.6573,,85.3567,,87.9213,,85.4924,,78.0057,,95.5762,,89.0912,,58.5388,,54.5444,,68.129,,63.546
407,,73.6653,,83.5466,,89.34,,91.931,,103.276,,96.1299,,101.521,,95.3996,,61.222,,57.2931,,64.4093,,59.9859
408,,73.8753,,83.5772,,89.2473,,91.9145,,103.276,,96.1299,,101.521,,95.3996,,61.222,,57.2931,,64.4093,,59.9859
409,,73.1995,,82.5732,,85.3277,,87.8546,,85.4924,,78.0057,,95.5762,,89.0912,,58.5388,,54.5444,,68.129,,63.546
410,,73.7685,,83.4636,,89.2981,,91.8668,,103.276,,96.1299,,101.521,,95.3996,,61.222,,57.2931,,64.4093,,59.9859
411,,75.3823,,85.0754,,91.2437,,93.8173,,103.276,,96.1299,,101.521,,95.3996,,61.222,,57.2931,,64.4093,,59.9859
412,,75.1029,,84.1163,,87.4511,,89.6668,,85.4924,,78.0057,,95.5762,,89.0912,,58.5388,,54.5444,,68.129,,63.546
413,,75.6026,,85.0001,,91.3248,,93.659,,103.276,,96.1299,,101.521,,95.3996,,61.222,,57.2931,,64.4093,,59.9859
414,,75.4688,,84.9136,,91.3379,,93.6589,,103.276,,96.1299,,101.521,,95.3996,,61.222,,57.2931,,64.4093,,59.9859
415,,75.7432,,84.9486,,91.4197,,93.5874,,103.276,,96.1299,,101.521,,95.3996,,61.222,,57.2931,,64.4093,,59.9859
416,,75.7432,,84.9486,,91.4197,,93.5874,,103.276,,96.1299,,101.521,,95.3996,,61.222,,57.2931,,64.4093,,59.9859
417,,76.8169,,86.2298,,93.4629,,95.5926,,103.276,,96.1299,,101.521,,95.3996,,61.222,,57.2931,,64.4093,,59.9859
418,,77.0124,,86.273,,93.52,,95.5437,,103.276,,96.1299,,101.521,,95.3996,,61.222,,57.2931,,64.4093,,59.9859
419,,76.7908,,86.1609,,93.4834,,95.698,,103.276,,96.1299,,101.521,,95.3996,,61.222,,57.2931,,64.4093,,59.9859
420,,76.7908,,86.1609,,93.4834,,95.698,,103.276,,96.1299,,101.521,,95.3996,,61.222,,57.2931,,64.4093,,59.9859
421,,76.8649,,86.2204,,93.4829,,95.724,,103.276,,96.1299,,101.521,,95.3996,,61.222,,57.2931,,64.4093,,59.9859
422,,76.8894,,86.1741,,93.3887,,95.8064,,103.276,,96.1299,,101.521,,95.3996,,61.222,,57.2931,,64.4093,,59.9859
423,,76.8894,,86.1741,,93.3887,,95.8064,,103.276,,96.1299,,101.521,,95.3996,,61.222,,57.2931,,64.4093,,59.9859
424,,78.108,,87.665,,95.3884,,97.8284,,103.276,,96.1299,,101.521,,95.3996,,61.222,,57.2931,,64.4093,,59.9859
425,,78.108,,87.665,,95.3884,,97.8284,,103.276,,96.1299,,101.521,,95.3996,,61.222,,57.2931,,64.4093,,59.9859
426,,78.2287,,87.7519,,95.2907,,97.9267,,103.276,,96.1299,,101.521,,95.3996,,61.222,,57.2931,,64.4093,,59.9859
427,,77.9432,,87.6374,,95.3313,,97.9983,,103.276,,96.1299,,101.521,,95.3996,,61.222,,57.2931,,64.4093,,59.9859
428,,77.9432,,87.6374,,95.3313,,97.9983,,103.276,,96.1299,,101.521,,95.3996,,61.222,,57.2931,,64.4093,,59.9859
429,,77.9432,,87.6374,,95.3313,,97.9983,,103.276,,96.1299,,101.521,,95.3996,,61.222,,57.2931,,64.4093,,59.9859
430,,79.5309,,89.3237,,97.2149,,100.024,,103.276,,96.1299,,101.521,,95.3996,,61.222,,57.2931,,64.4093,,59.9859
431,,79.5309,,89.3237,,97.2149,,100.024,,103.276,,96.1299,,101.521,,95.3996,,61.222,,57.2931,,64.4093,,59.9859
432,,79.3353,,89.2006,,97.2732,,100.06,,103.276,,96.1299,,101.521,,95.3996,,61.222,,57.2931,,64.4093,,59.9859
433,,79.3353,,89.2006,,97.2732,,100.06,,103.276,,96.1299,,101.521,,95.3996,,61.222,,57.2931,,64.4093,,59.9859
434,,79.3795,,89.299,,97.1899,,100.13,,103.276,,96.1299,,101.521,,95.3996,,61.222,,57.2931,,64.4093,,59.9859
435,,79.3795,,89.299,,97.1899,,100.13,,103.276,,96.1299,,101.521,,95.3996,,61.222,,57.2931,,64.4093,,59.9859
436,,80.8914,,90.7632,,99.2826,,102.029,,103.276,,96.1299,,101.521,,95.3996,,61.222,,57.2931,,64.4093,,59.9859
437,,80.8914,,90.7632,,99.2826,,102.029,,103.276,,96.1299,,101.521,,95.3996,,61.222,,57.2931,,64.4093,,59.9859
438,,80.9467,,90.7783,,99.2223,,102.004,,103.276,,96.1299,,101.521,,95.3996,,61.222,,57.2931,,64.4093,,59.9859
439,,80.9467,,90.7783,,99.2223,,102.004,,103.276,,96.1299,,101.521,,95.3996,,61.222,,57.2931,,64.4093,,59.9859
440,,81.1221,,90.6735,,99.3382,,101.795,,103.276,,96.1299,,101.521,,95.3996,,61.222,,57.2931,,64.4093,,59.9859
441,,81.1221,,90.6735,,99.3382,,101.795,,103.276,,96.1299,,101.521,,95.3996,,61.222,,57.2931,,64.4093,,59.9859
442,,81.1221,,90.6735,,99.3382,,101.795,,103.276,,96.1299,,101.521,,95.3996,,61.222,,57.2931,,64.4093,,59.9859
443,,82.629,,92.2306,,101.296,,103.707,,103.276,,96.1299,,101.521,,95.3996,,61.222,,57.2931,,64.4093,,59.9859
444,,82.629,,92.2306,,101.296,,103.707,,103.276,,96.1299,,101.521,,95.3996,,61.222,,57.2931,,64.4093,,59.9859
445,,82.629,,92.2306,,101.296,,103.707,,103.276,,96.1299,,101.521,,95.3996,,61.222,,57.2931,,64.4093,,59.9859
446,,82.6389,,92.04,,101.435,,103.536,,103.276,,96.1299,,101.521,,95.3996,,61.222,,57.2931,,64.4093,,59.9859
447,,82.6389,,92.04,,101.435,,103.536,,103.276,,96.1299,,101.521,,95.3996,,61.222,,57.2931,,64.4093,,59.9859
448,,84.2196,,93.5724,,103.438,,105.439,,103.276,,96.1299,,101.521,,95.3996,,61.222,,57.2931,,64.4093,,59.9859
449,,84.2196,,93.5724,,103.438,,105.439,,103.276,,96.1299,,101.521,,95.3996,,61.222,,57.2931,,64.4093,,59.9859
450,,83.8731,,92.605,,99.935,,101.506,,85.4924,,78.0057,,95.5762,,89.0912,,58.5388,,54.5444,,68.129,,63.546
451,,84.2682,,93.392,,103.569,,105.289,,103.276,,96.1299,,101.521,,95.3996,,61.222,,57.2931,,64.4093,,59.9859
452,,84.2682,,93.392,,103.569,,105.289,,103.276,,96.1299,,101.521,,95.3996,,61.222,,57.2931,,64.4093,,59.9859
453,,84.2682,,93.392,,103.569,,105.289,,103.276,,96.1299,,101.521,,95.3996,,61.222,,57.2931,,64.4093,,59.9859
454,,85.6392,,94.8536,,105.61,,107.235,,103.276,,96.1299,,101.521,,95.3996,,61.222,,57.2931,,64.4093,,59.9859
455,,85.6392,,94.8536,,105.61,,107.235,,103.276,,96.1299,,101.521,,95.3996,,61.222,,57.2931,,64.4093,,59.9859
456,,85.6392,,94.8536,,105.61,,107.235,,103.276,,96.1299,,101.521,,95.3996,,61.222,,57.2931,,64.4093,,59.9859
457,,85.9854,,94.7054,,105.728,,107.002,,103.276,,96.1299,,101.521,,95.3996,,61.222,,57.2931,,64.4093,,59.9859
458,,85.9854,,94.7054,,105.728,,107.002,,103.276,,96.1299,,101.521,,95.3996,,61.222,,57.2931,,64.4093,,59.9859
459,,85.9854,,94.7054,,105.728,,107.002,,103.276,,96.1299,,101.521,,95.3996,,61.222,,57.2931,,64.4093,,59.9859
460,,86.8976,,96.0806,,107.72,,109.136,,103.276,,96.1299,,101.521,,95.3996,,61.222,,57.2931,,64.4093,,59.9859
461,,86.8976,,96.0806,,107.72,,109.136,,103.276,,96.1299,,101.521,,95.3996,,61.222,,57.2931,,64.4093,,59.9859
462,,86.8976,,96.0806,,107.72,,109.136,,103.276,,96.1299,,101.521,,95.3996,,61.222,,57.2931,,64.4093,,59.9859
463,,87.1107,,96.0151,,107.753,,109.043,,103.276,,96.1299,,101.521,,95.3996,,61.222,,57.2931,,64.4093,,59.9859
464,,87.1107,,96.0151,,107.753,,109.043,,103.276,,96.1299,,101.521,,95.3996,,61.222,,57.2931,,64.4093,,59.9859
465,,87.1107,,96.0151,,107.753,,109.043,,103.276,,96.1299,,101.521,,95.3996,,61.222,,57.2931,,64.4093,,59.9859
466,,88.0214,,97.2874,,109.691,,111.198,,103.276,,96.1299,,101.521,,95.3996,,61.222,,57.2931,,64.4093,,59.9859
467,,88.0214,,97.2874,,109.691,,111.198,,103.276,,96.1299,,101.521,,95.3996,,61.222,,57.2931,,64.4093,,59.9859
468,,88.0214,,97.2874,,109.691,,111.198,,103.276,,96.1299,,101.521,,95.3996,,61.222,,57.2931,,64.4093,,59.9859
469,,87.7854,,96.5467,,106.097,,107.495,,85.4924,,78.0057,,95.5762,,89.0912,,58.5388,,54.5444,,68.129,,63.546
470,,88.1732,,97.2647,,109.67,,111.157,,103.276,,96.1299,,101.521,,95.3996,,61.222,,57.2931,,64.4093,,59.9859
471,,88.1732,,97.2647,,109.67,,111.157,,103.276,,96.1299,,101.521,,95.3996,,61.222,,57.2931,,64.4093,,59.9859
472,,88.1732,,97.2647,,109.67,,111.157,,103.276,,96.1299,,101.521,,95.3996,,61.222,,57.2931,,64.4093,,59.9859
473,,88.85,,97.8385,,108.011,,109.68,,85.4924,,78.0057,,95.5762,,89.0912,,58.5388,,54.5444,,68.129,,63.546
474,,89.2469,,98.5362,,111.58,,113.3,,103.276,,96.1299,,101.521,,95.3996,,61.222,,57.2931,,64.4093,,59.9859
475,,89.2469,,98.5362,,111.58,,113.3,,103.276,,96.1299,,101.521,,95.3996,,61.222,,57.2931,,64.4093,,59.9859
476,,89.2469,,98.5362,,111.58,,113.3,,103.276,,96.1299,,101.521,,95.3996,,61.222,,57.2931,,64.4093,,59.9859
477,,90.2005,,99.3635,,110.024,,111.801,,85.4924,,78.0057,,95.5762,,89.0912,,58.5388,,54.5444,,68.129,,63.546
478,,90.5966,,100.038,,113.577,,115.38,,103.276,,96.1299,,101.521,,95.3996,,61.222,,57.2931,,64.4093,,59.9859
479,,90.5966,,100.038,,113.577,,115.38,,103.276,,96.1299,,101.521,,95.3996,,61.222,,57.2931,,64.4093,,59.9859
480,,90.5966,,100.038,,113.577,,115.38,,103.276,,96.1299,,101.521,,95.3996,,61.222,,57.2931,,64.4093,,59.9859
481,,90.4304,,99.8778,,113.446,,115.518,,103.276,,96.1299,,101.521,,95.3996,,61.222,,57.2931,,64.4093,,59.9859
482,,90.4304,,99.8778,,113.446,,115.518,,103.276,,96.1299,,101.521,,95.3996,,61.222,,57.2931,,64.4093,,59.9859
483,,90.4304,,99.8778,,113.446,,115.518,,103.276,,96.1299,,101.521,,95.3996,,61.222,,57.2931,,64.4093,,59.9859
484,,90.4304,,99.8778,,113.446,,115.518,,103.276,,96.1299,,101.521,,95.3996,,61.222,,57.2931,,64.4093,,59.9859
485,,91.3112,,100.728,,111.886,,114.09,,85.4924,,78.0057,,95.5762,,89.0912,,58.5388,,54.5444,,68.129,,63.546
486,,91.7214,,101.38,,115.443,,117.624,,103.276,,96.1299,,101.521,,95.3996,,61.222,,57.2931,,64.4093,,59.9859
487,,91.7214,,101.38,,115.443,,117.624,,103.276,,96.1299,,101.521,,95.3996,,61.222,,57.2931,,64.4093,,59.9859
488,,91.7214,,101.38,,115.443,,117.624,,103.276,,96.1299,,101.521,,95.3996,,61.222,,57.2931,,64.4093,,59.9859
489,,91.7143,,101.33,,115.279,,117.695,,103.276,,96.1299,,101.521,,95.3996,,61.222,,57.2931,,64.4093,,59.9859
490,,91.7143,,101.33,,115.279,,117.695,,103.276,,96.1299,,101.521,,95.3996,,61.222,,57.2931,,64.4093,,59.9859
491,,91.7143,,101.33,,115.279,,117.695,,103.276,,96.1299,,101.521,,95.3996,,61.222,,57.2931,,64.4093,,59.9859
492,,92.6908,,102.205,,113.781,,116.231,,85.4924,,78.0057,,95.5762,,89.0912,,58.5388,,54.5444,,68.129,,63.546
493,,93.078,,102.844,,117.305,,119.736,,103.276,,96.1299,,101.521,,95.3996,,61.222,,57.2931,,64.4093,,59.9859
494,,93.078,,102.844,,117.305,,119.736,,103.276,,96.1299,,101.521,,95.3996,,61.222,,57.2931,,64.4093,,59.9859
495,,93.078,,102.844,,117.305,,119.736,,103.276,,96.1299,,101.521,,95.3996,,61.222,,57.2931,,64.4093,,59.9859
496,,94.6292,,104.37,,119.243,,121.687,,103.276,,96.1299,,101.521,,95.3996,,61.222,,57.2931,,64.4093,,59.9859
497,,94.6292,,104.37,,119.243,,121.687,,103.276,,96.1299,,101.521,,95.3996,,61.222,,57.2931,,64.4093,,59.9859
498,,94.6292,,104.37,,119.243,,121.687,,103.276,,96.1299,,101.521,,95.3996,,61.222,,57.2931,,64.4093,,59.9859
499,,94.6292,,104.37,,119.243,,121.687,,103.276,,96.1299,,101.521,,95.3996,,61.222,,57.2931,,64.4093,,59.9859
500,,94.6983,,104.278,,119.309,,121.557,,103.276,,96.1299,,101.521,,95.3996,,61.222,,57.2931,,64.4093,,59.9859
501,,94.6983,,104.278,,119.309,,121.557,,103.276,,96.1299,,101.521,,95.3996,,61.222,,57.2931,,64.4093,,59.9859
502,,94.6983,,104.278,,119.309,,121.557,,103.276,,96.1299,,101.521,,95.3996,,61.222,,57.2931,,64.4093,,59.9859
503,,94.6983,,104.278,,119.309,,121.557,,103.276,,96.1299,,101.521,,95.3996,,61.222,,57.2931,,64.4093,,59.9859
504,,96.2894,,105.786,,121.348,,123.447,,103.276,,96.1299,,101.521,,95.3996,,61.222,,57.2931,,64.4093,,59.9859
505,,96.2894,,105.786,,121.348,,123.447,,103.276,,96.1299,,101.521,,95.3996,,61.222,,57.2931,,64.4093,,59.9859
506,,96.2894,,105.786,,121.348,,123.447,,103.276,,96.1299,,101.521,,95.3996,,61.222,,57.2931,,64.4093,,59.9859
507,,96.2061,,104.962,,118.143,,119.694,,85.4924,,78.0057,,95.5762,,89.0912,,58.5388,,54.5444,,68.129,,63.546
508,,96.4674,,105.611,,121.507,,123.199,,103.276,,96.1299,,101.521,,95.3996,,61.222,,57.2931,,64.4093,,59.9859
509,,96.4674,,105.611,,121.507,,123.199,,103.276,,96.1299,,101.521,,95.3996,,61.222,,57.2931,,64.4093,,59.9859
510,,96.4674,,105.611,,121.507,,123.199,,103.276,,96.1299,,101.521,,95.3996,,61.222,,57.2931,,64.4093,,59.9859
511,,96.4674,,105.611,,121.507,,123.199,,103.276,,96.1299,,101.521,,95.3996,,61.222,,57.2931,,64.4093,,59.9859
512,,98.1364,,107.052,,123.641,,125.014,,103.276,,96.1299,,101.521,,95.3996,,61.222,,57.2931,,64.4093,,59.9859
513,,98.1364,,107.052,,123.641,,125.014,,103.276,,96.1299,,101.521,,95.3996,,61.222,,57.2931,,64.4093,,59.9859
514,,98.1364,,107.052,,123.641,,125.014,,103.276,,96.1299,,101.521,,95.3996,,61.222,,57.2931,,64.4093,,59.9859
515,,98.1364,,107.052,,123.641,,125.014,,103.276,,96.1299,,101.521,,95.3996,,61.222,,57.2931,,64.4093,,59.9859
516,,99.7665,,108.335,,125.947,,126.746,,103.276,,96.1299,,101.521,,95.3996,,61.222,,57.2931,,64.4093,,59.9859
517,,99.7665,,108.335,,125.947,,126.746,,103.276,,96.1299,,101.521,,95.3996,,61.222,,57.2931,,64.4093,,59.9859
518,,99.7665,,108.335,,125.947,,126.746,,103.276,,96.1299,,101.521,,95.3996,,61.222,,57.2931,,64.4093,,59.9859
519,,99.7665,,108.335,,125.947,,126.746,,103.276,,96.1299,,101.521,,95.3996,,61.222,,57.2931,,64.4093,,59.9859
520,,101.248,,109.081,,124.918,,125.085,,85.4924,,78.0057,,95.5762,,89.0912,,58.5388,,54.5444,,68.129,,63.546
521,,101.41,,109.722,,128.131,,128.564,,103.276,,96.1299,,101.521,,95.3996,,61.222,,57.2931,,64.4093,,59.9859
522,,101.41,,109.722,,128.131,,128.564,,103.276,,96.1299,,101.521,,95.3996,,61.222,,57.2931,,64.4093,,59.9859
523,,101.41,,109.722,,128.131,,128.564,,103.276,,96.1299,,101.521,,95.3996,,61.222,,57.2931,,64.4093,,59.9859
524,,101.41,,109.722,,128.131,,128.564,,103.276,,96.1299,,101.521,,95.3996,,61.222,,57.2931,,64.4093,,59.9859
525,,101.564,,109.426,,128.353,,128.316,,103.276,,96.1299,,101.521,,95.3996,,61.222,,57.2931,,64.4093,,59.9859
526,,101.564,,109.426,,128.353,,128.316,,103.276,,96.1299,,101.521,,95.3996,,61.222,,57.2931,,64.4093,,59.9859
527,,101.564,,109.426,,128.353,,128.316,,103.276,,96.1299,,101.521,,95.3996,,61.222,,57.2931,,64.4093,,59.9859
528,,101.564,,109.426,,128.353,,128.316,,103.276,,96.1299,,101.521,,95.3996,,61.222,,57.2931,,64.4093,,59.9859
529,,101.564,,109.426,,128.353,,128.316,,103.276,,96.1299,,101.521,,95.3996,,61.222,,57.2931,,64.4093,,59.9859
530,,103.161,,110.776,,130.486,,130.205,,103.276,,96.1299,,101.521,,95.3996,,61.222,,57.2931,,64.4093,,59.9859
531,,103.161,,110.776,,130.486,,130.205,,103.276,,96.1299,,101.521,,95.3996,,61.222,,57.2931,,64.4093,,59.9859
532,,103.161,,110.776,,130.486,,130.205,,103.276,,96.1299,,101.521,,95.3996,,61.222,,57.2931,,64.4093,,59.9859
533,,103.161,,110.776,,130.486,,130.205,,103.276,,96.1299,,101.521,,95.3996,,61.222,,57.2931,,64.4093,,59.9859
534,,104.542,,111.311,,129.604,,128.575,,85.4924,,78.0057,,95.5762,,89.0912,,58.5388,,54.5444,,68.129,,63.546
535,,104.654,,111.958,,132.733,,132.051,,103.276,,96.1299,,101.521,,95.3996,,61.222,,57.2931,,64.4093,,59.9859
536,,104.654,,111.958,,132.733,,132.051,,103.276,,96.1299,,101.521,,95.3996,,61.222,,57.2931,,64.4093,,59.9859
537,,104.654,,111.958,,132.733,,132.051,,103.276,,96.1299,,101.521,,95.3996,,61.222,,57.2931,,64.4093,,59.9859
538,,104.6,,111.828,,132.644,,132.075,,103.276,,96.1299,,101.521,,95.3996,,61.222,,57.2931,,64.4093,,59.9859
539,,104.6,,111.828,,132.644,,132.075,,103.276,,96.1299,,101.521,,95.3996,,61.222,,57.2931,,64.4093,,59.9859
540,,104.6,,111.828,,132.644,,132.075,,103.276,,96.1299,,101.521,,95.3996,,61.222,,57.2931,,64.4093,,59.9859
541,,104.6,,111.828,,132.644,,132.075,,103.276,,96.1299,,101.521,,95.3996,,61.222,,57.2931,,64.4093,,59.9859
542,,104.6,,111.828,,132.644,,132.075,,103.276,,96.1299,,101.521,,95.3996,,61.222,,57.2931,,64.4093,,59.9859
543,,106.003,,112.955,,134.833,,133.959,,103.276,,96.1299,,101.521,,95.3996,,61.222,,57.2931,,64.4093,,59.9859
544,,106.003,,112.955,,134.833,,133.959,,103.276,,96.1299,,101.521,,95.3996,,61.222,,57.2931,,64.4093,,59.9859
545,,106.003,,112.955,,134.833,,133.959,,103.276,,96.1299,,101.521,,95.3996,,61.222,,57.2931,,64.4093,,59.9859
546,,106.003,,112.955,,134.833,,133.959,,103.276,,96.1299,,101.521,,95.3996,,61.222,,57.2931,,64.4093,,59.9859
547,,106.003,,112.955,,134.833,,133.959,,103.276,,96.1299,,101.521,,95.3996,,61.222,,57.2931,,64.4093,,59.9859
548,,106.003,,112.955,,134.833,,133.959,,103.276,,96.1299,,101.521,,95.3996,,61.222,,57.2931,,64.4093,,59.9859
549,,107.212,,114.324,,136.763,,136.13,,103.276,,96.1299,,101.521,,95.3996,,61.222,,57.2931,,64.4093,,59.9859
550,,107.212,,114.324,,136.763,,136.13,,103.276,,96.1299,,101.521,,95.3996,,61.222,,57.2931,,64.4093,,59.9859
551,,107.212,,114.324,,136.763,,136.13,,103.276,,96.1299,,101.521,,95.3996,,61.222,,57.2931,,64.4093,,59.9859
552,,107.212,,114.324,,136.763,,136.13,,103.276,,96.1299,,101.521,,95.3996,,61.222,,57.2931,,64.4093,,59.9859
553,,108.715,,115.421,,138.895,,138.023,,103.276,,96.1299,,101.521,,95.3996,,61.222,,57.2931,,64.4093,,59.9859
554,,108.715,,115.421,,138.895,,138.023,,103.276,,96.1299,,101.521,,95.3996,,61.222,,57.2931,,64.4093,,59.9859
555,,108.715,,115.421,,138.895,,138.023,,103.276,,96.1299,,101.521,,95.3996,,61.222,,57.2931,,64.4093,,59.9859
556,,108.715,,115.421,,138.895,,138.023,,103.276,,96.1299,,101.521,,95.3996,,61.222,,57.2931,,64.4093,,59.9859
557,,108.715,,115.421,,138.895,,138.023,,103.276,,96.1299,,101.521,,95.3996,,61.222,,57.2931,,64.4093,,59.9859
558,,109.721,,116.784,,140.695,,140.337,,103.276,,96.1299,,101.521,,95.3996,,61.222,,57.2931,,64.4093,,59.9859
559,,109.721,,116.784,,140.695,,140.337,,103.276,,96.1299,,101.521,,95.3996,,61.222,,57.2931,,64.4093,,59.9859
560,,109.721,,116.784,,140.695,,140.337,,103.276,,96.1299,,101.521,,95.3996,,61.222,,57.2931,,64.4093,,59.9859
561,,109.721,,116.784,,140.695,,140.337,,103.276,,96.1299,,101.521,,95.3996,,61.222,,57.2931,,64.4093,,59.9859
562,,109.369,,115.783,,137.515,,137.001,,85.4924,,78.0057,,95.5762,,89.0912,,58.5388,,54.5444,,68.129,,63.546
563,,109.488,,116.366,,140.619,,140.358,,103.276,,96.1299,,101.521,,95.3996,,61.222,,57.2931,,64.4093,,59.9859
564,,109.488,,116.366,,140.619,,140.358,,103.276,,96.1299,,101.521,,95.3996,,61.222,,57.2931,,64.4093,,59.9859
565,,109.488,,116.366,,140.619,,140.358,,103.276,,96.1299,,101.521,,95.3996,,61.222,,57.2931,,64.4093,,59.9859
566,,109.488,,116.366,,140.619,,140.358,,103.276,,96.1299,,101.521,,95.3996,,61.222,,57.2931,,64.4093,,59.9859
567,,109.488,,116.366,,140.619,,140.358,,103.276,,96.1299,,101.521,,95.3996,,61.222,,57.2931,,64.4093,,59.9859
568,,110.602,,117.644,,142.429,,142.526,,103.276,,96.1299,,101.521,,95.3996,,61.222,,57.2931,,64.4093,,59.9859
569,,110.602,,117.644,,142.429,,142.526,,103.276,,96.1299,,101.521,,95.3996,,61.222,,57.2931,,64.4093,,59.9859
570,,110.602,,117.644,,142.429,,142.526,,103.276,,96.1299,,101.521,,95.3996,,61.222,,57.2931,,64.4093,,59.9859
571,,110.602,,117.644,,142.429,,142.526,,103.276,,96.1299,,101.521,,95.3996,,61.222,,57.2931,,64.4093,,59.9859
572,,110.039,,116.793,,139.248,,139.349,,85.4924,,78.0057,,95.5762,,89.0912,,58.5388,,54.5444,,68.129,,63.546
573,,110.182,,117.346,,142.372,,142.658,,103.276,,96.1299,,101.521,,95.3996,,61.222,,57.2931,,64.4093,,59.9859
574,,110.182,,117.346,,142.372,,142.658,,103.276,,96.1299,,101.521,,95.3996,,61.222,,57.2931,,64.4093,,59.9859
575,,110.182,,117.346,,142.372,,142.658,,103.276,,96.1299,,101.521,,95.3996,,61.222,,57.2931,,64.4093,,59.9859
576,,110.182,,117.346,,142.372,,142.658,,103.276,,96.1299,,101.521,,95.3996,,61.222,,57.2931,,64.4093,,59.9859
577,,109.843,,117.302,,142.045,,142.927,,103.276,,96.1299,,101.521,,95.3996,,61.222,,57.2931,,64.4093,,59.9859
578,,109.843,,117.302,,142.045,,142.927,,103.276,,96.1299,,101.521,,95.3996,,61.222,,57.2931,,64.4093,,59.9859
579,,109.843,,117.302,,142.045,,142.927,,103.276,,96.1299,,101.521,,95.3996,,61.222,,57.2931,,64.4093,,59.9859
580,,109.843,,117.302,,142.045,,142.927,,103.276,,96.1299,,101.521,,95.3996,,61.222,,57.2931,,64.4093,,59.9859
581,,109.017,,116.537,,138.809,,139.87,,85.4924,,78.0057,,95.5762,,89.0912,,58.5388,,54.5444,,68.129,,63.546
582,,109.208,,117.073,,141.988,,143.151,,103.276,,96.1299,,101.521,,95.3996,,61.222,,57.2931,,64.4093,,59.9859
583,,109.208,,117.073,,141.988,,143.151,,103.276,,96.1299,,101.521,,95.3996,,61.222,,57.2931,,64.4093,,59.9859
584,,109.208,,117.073,,141.988,,143.151,,103.276,,96.1299,,101.521,,95.3996,,61.222,,57.2931,,64.4093,,59.9859
585,,109.208,,117.073,,141.988,,143.151,,103.276,,96.1299,,101.521,,95.3996,,61.222,,57.2931,,64.4093,,59.9859
586,,108.879,,117.13,,141.65,,143.374,,103.276,,96.1299,,101.521,,95.3996,,61.222,,57.2931,,64.4093,,59.9859
587,,108.879,,117.13,,141.65,,143.374,,103.276,,96.1299,,101.521,,95.3996,,61.222,,57.2931,,64.4093,,59.9859
588,,108.879,,117.13,,141.65,,143.374,,103.276,,96.1299,,101.521,,95.3996,,61.222,,57.2931,,64.4093,,59.9859
589,,108.879,,117.13,,141.65,,143.374,,103.276,,96.1299,,101.521,,95.3996,,61.222,,57.2931,,64.4093,,59.9859
590,,108.336,,116.83,,141.656,,143.399,,103.276,,96.1299,,101.521,,95.3996,,61.222,,57.2931,,64.4093,,59.9859
591,,108.336,,116.83,,141.656,,143.399,,103.276,,96.1299,,101.521,,95.3996,,61.222,,57.2931,,64.4093,,59.9859
592,,108.336,,116.83,,141.656,,143.399,,103.276,,96.1299,,101.521,,95.3996,,61.222,,57.2931,,64.4093,,59.9859
593,,108.336,,116.83,,141.656,,143.399,,103.276,,96.1299,,101.521,,95.3996,,61.222,,57.2931,,64.4093,,59.9859
594,,108.052,,116.906,,141.375,,143.488,,103.276,,96.1299,,101.521,,95.3996,,61.222,,57.2931,,64.4093,,59.9859
595,,108.052,,116.906,,141.375,,143.488,,103.276,,96.1299,,101.521,,95.3996,,61.222,,57.2931,,64.4093,,59.9859
596,,107.831,,116.572,,141.486,,143.275,,103.276,,96.1299,,101.521,,95.3996,,61.222,,57.2931,,64.4093,,59.9859
597,,107.831,,116.572,,141.486,,143.275,,103.276,,96.1299,,101.521,,95.3996,,61.222,,57.2931,,64.4093,,59.9859
598,,107.831,,116.572,,141.486,,143.275,,103.276,,96.1299,,101.521,,95.3996,,61.222,,57.2931,,64.4093,,59.9859
599,,107.615,,116.597,,141.353,,143.229,,103.276,,96.1299,,101.521,,95.3996,,61.222,,57.2931,,64.4093,,59.9859
600,,107.54,,115.793,,138.42,,139.617,,85.4924,,78.0057,,95.5762,,89.0912,,58.5388,,54.5444,,68.129,,63.546
601,,107.686,,116.31,,141.562,,142.882,,103.276,,96.1299,,101.521,,95.3996,,61.222,,57.2931,,64.4093,,59.9859
602,,107.686,,116.31,,141.562,,142.882,,103.276,,96.1299,,101.521,,95.3996,,61.222,,57.2931,,64.4093,,59.9859
603,,107.617,,116.318,,141.502,,142.791,,103.276,,96.1299,,101.521,,95.3996,,61.222,,57.2931,,64.4093,,59.9859
604,,107.617,,116.318,,141.502,,142.791,,103.276,,96.1299,,101.521,,95.3996,,61.222,,57.2931,,64.4093,,59.9859
605,,107.68,,116.121,,141.712,,142.536,,103.276,,96.1299,,101.521,,95.3996,,61.222,,57.2931,,64.4093,,59.9859
606,,107.748,,115.665,,138.61,,139.143,,85.4924,,78.0057,,95.5762,,89.0912,,58.5388,,54.5444,,68.129,,63.546
607,,107.852,,116.181,,141.71,,142.414,,103.276,,96.1299,,101.521,,95.3996,,61.222,,57.2931,,64.4093,,59.9859
608,,107.933,,116.062,,141.973,,142.235,,103.276,,96.1299,,101.521,,95.3996,,61.222,,57.2931,,64.4093,,59.9859
609,,107.933,,116.062,,141.973,,142.235,,103.276,,96.1299,,101.521,,95.3996,,61.222,,57.2931,,64.4093,,59.9859
610,,108.033,,116.21,,141.972,,142.25,,103.276,,96.1299,,101.521,,95.3996,,61.222,,57.2931,,64.4093,,59.9859
611,,108.033,,116.21,,141.972,,142.25,,103.276,,96.1299,,101.521,,95.3996,,61.222,,57.2931,,64.4093,,59.9859
612,,108.212,,115.59,,139.051,,138.773,,85.4924,,78.0057,,95.5762,,89.0912,,58.5388,,54.5444,,68.129,,63.546
613,,108.305,,116.122,,142.13,,142.069,,103.276,,96.1299,,101.521,,95.3996,,61.222,,57.2931,,64.4093,,59.9859
614,,108.305,,116.122,,142.13,,142.069,,103.276,,96.1299,,101.521,,95.3996,,61.222,,57.2931,,64.4093,,59.9859
615,,108.108,,116.423,,142.036,,142.371,,103.276,,96.1299,,101.521,,95.3996,,61.222,,57.2931,,64.4093,,59.9859
616,,108.349,,115.883,,139.051,,138.966,,85.4924,,78.0057,,95.5762,,89.0912,,58.5388,,54.5444,,68.129,,63.546
617,,108.465,,116.413,,142.153,,142.257,,103.276,,96.1299,,101.521,,95.3996,,61.222,,57.2931,,64.4093,,59.9859
618,,107.979,,116.71,,141.961,,142.732,,103.276,,96.1299,,101.521,,95.3996,,61.222,,57.2931,,64.4093,,59.9859
619,,107.979,,116.71,,141.961,,142.732,,103.276,,96.1299,,101.521,,95.3996,,61.222,,57.2931,,64.4093,,59.9859
620,,108.105,,116.281,,138.834,,139.433,,85.4924,,78.0057,,95.5762,,89.0912,,58.5388,,54.5444,,68.129,,63.546
621,,108.268,,116.797,,141.983,,142.701,,103.276,,96.1299,,101.521,,95.3996,,61.222,,57.2931,,64.4093,,59.9859
622,,107.729,,116.392,,138.57,,139.753,,85.4924,,78.0057,,95.5762,,89.0912,,58.5388,,54.5444,,68.129,,63.546
623,,107.914,,116.897,,141.745,,143.004,,103.276,,96.1299,,101.521,,95.3996,,61.222,,57.2931,,64.4093,,59.9859
624,,107.743,,116.919,,141.712,,143.106,,103.276,,96.1299,,101.521,,95.3996,,61.222,,57.2931,,64.4093,,59.9859
625,,107.743,,116.919,,141.712,,143.106,,103.276,,96.1299,,101.521,,95.3996,,61.222,,57.2931,,64.4093,,59.9859
626,,107.764,,116.986,,141.513,,143.228,,103.276,,96.1299,,101.521,,95.3996,,61.222,,57.2931,,64.4093,,59.9859
627,,107.152,,116.496,,138.322,,140.175,,85.4924,,78.0057,,95.5762,,89.0912,,58.5388,,54.5444,,68.129,,63.546
628,,107.376,,116.988,,141.54,,143.405,,103.276,,96.1299,,101.521,,95.3996,,61.222,,57.2931,,64.4093,,59.9859
629,,107.334,,116.647,,138.173,,140.194,,85.4924,,78.0057,,95.5762,,89.0912,,58.5388,,54.5444,,68.129,,63.546
630,,107.54,,117.135,,141.377,,143.42,,103.276,,96.1299,,101.521,,95.3996,,61.222,,57.2931,,64.4093,,59.9859
631,,107.271,,117.071,,141.475,,143.451,,103.276,,96.1299,,101.521,,95.3996,,61.222,,57.2931,,64.4093,,59.9859
632,,107.229,,116.817,,138.142,,140.237,,85.4924,,78.0057,,95.5762,,89.0912,,58.5388,,54.5444,,68.129,,63.546
633,,107.431,,117.306,,141.343,,143.464,,103.276,,96.1299,,101.521,,95.3996,,61.222,,57.2931,,64.4093,,59.9859
634,,107.505,,117.109,,141.521,,143.246,,103.276,,96.1299,,101.521,,95.3996,,61.222,,57.2931,,64.4093,,59.9859
635,,107.531,,116.734,,138.33,,139.871,,85.4924,,78.0057,,95.5762,,89.0912,,58.5388,,54.5444,,68.129,,63.546
636,,107.697,,117.231,,141.493,,143.112,,103.276,,96.1299,,101.521,,95.3996,,61.222,,57.2931,,64.4093,,59.9859
637,,107.987,,116.985,,141.755,,142.752,,103.276,,96.1299,,101.521,,95.3996,,61.222,,57.2931,,64.4093,,59.9859
638,,108.078,,116.519,,138.654,,139.338,,85.4924,,78.0057,,95.5762,,89.0912,,58.5388,,54.5444,,68.129,,63.546
639,,108.199,,117.029,,141.767,,142.603,,103.276,,96.1299,,101.521,,95.3996,,61.222,,57.2931,,64.4093,,59.9859
640,,108.374,,116.822,,141.996,,142.368,,103.276,,96.1299,,101.521,,95.3996,,61.222,,57.2931,,64.4093,,59.9859
641,,108.646,,116.923,,141.996,,142.3,,103.276,,96.1299,,101.521,,95.3996,,61.222,,57.2931,,64.4093,,59.9859
642,,108.871,,116.696,,142.259,,142.063,,103.276,,96.1299,,101.521,,95.3996,,61.222,,57.2931,,64.4093,,59.9859
643,,108.871,,116.696,,142.259,,142.063,,103.276,,96.1299,,101.521,,95.3996,,61.222,,57.2931,,64.4093,,59.9859
644,,108.736,,116.827,,142.213,,142.239,,103.276,,96.1299,,101.521,,95.3996,,61.222,,57.2931,,64.4093,,59.9859
645,,109.177,,116.629,,142.354,,142,,103.276,,96.1299,,101.521,,95.3996,,61.222,,57.2931,,64.4093,,59.9859
646,,108.678,,116.776,,142.194,,142.409,,103.276,,96.1299,,101.521,,95.3996,,61.222,,57.2931,,64.4093,,59.9859
647,,108.678,,116.776,,142.194,,142.409,,103.276,,96.1299,,101.521,,95.3996,,61.222,,57.2931,,64.4093,,59.9859
648,,108.804,,116.728,,142.196,,142.445,,103.276,,96.1299,,101.521,,95.3996,,61.222,,57.2931,,64.4093,,59.9859
649,,108.593,,116.766,,142.028,,142.643,,103.276,,96.1299,,101.521,,95.3996,,61.222,,57.2931,,64.4093,,59.9859
650,,108.511,,116.905,,142.001,,142.852,,103.276,,96.1299,,101.521,,95.3996,,61.222,,57.2931,,64.4093,,59.9859
651,,108.281,,116.454,,138.619,,139.796,,85.4924,,78.0057,,95.5762,,89.0912,,58.5388,,54.5444,,68.129,,63.546
652,,108.466,,116.968,,141.794,,143.054,,103.276,,96.1299,,101.521,,95.3996,,61.222,,57.2931,,64.4093,,59.9859
653,,108.016,,116.894,,141.825,,143.215,,103.276,,96.1299,,101.521,,95.3996,,61.222,,57.2931,,64.4093,,59.9859
654,,108.018,,116.955,,141.597,,143.296,,103.276,,96.1299,,101.521,,95.3996,,61.222,,57.2931,,64.4093,,59.9859
655,,107.543,,116.81,,141.626,,143.367,,103.276,,96.1299,,101.521,,95.3996,,61.222,,57.2931,,64.4093,,59.9859
656,,107.266,,116.559,,138.176,,140.28,,85.4924,,78.0057,,95.5762,,89.0912,,58.5388,,54.5444,,68.129,,63.546
657,,107.488,,117.045,,141.396,,143.502,,103.276,,96.1299,,101.521,,95.3996,,61.222,,57.2931,,64.4093,,59.9859
658,,107.436,,116.796,,141.516,,143.29,,103.276,,96.1299,,101.521,,95.3996,,61.222,,57.2931,,64.4093,,59.9859
659,,107.176,,116.968,,141.359,,143.404,,103.276,,96.1299,,101.521,,95.3996,,61.222,,57.2931,,64.4093,,59.9859
660,,107.461,,116.745,,141.493,,143.06,,103.276,,96.1299,,101.521,,95.3996,,61.222,,57.2931,,64.4093,,59.9859
661,,107.15,,116.85,,141.363,,143.201,,103.276,,96.1299,,101.521,,95.3996,,61.222,,57.2931,,64.4093,,59.9859
662,,106.998,,116.292,,138.28,,139.874,,85.4924,,78.0057,,95.5762,,89.0912,,58.5388,,54.5444,,68.129,,63.546
663,,107.272,,116.29,,138.289,,139.699,,85.4924,,78.0057,,95.5762,,89.0912,,58.5388,,54.5444,,68.129,,63.546
664,,107.435,,116.77,,141.45,,142.926,,103.276,,96.1299,,101.521,,95.3996,,61.222,,57.2931,,64.4093,,59.9859
665,,107.272,,116.847,,141.616,,143.01,,103.276,,96.1299,,101.521,,95.3996,,61.222,,57.2931,,64.4093,,59.9859
666,,107.641,,117.078,,141.632,,143.012,,103.276,,96.1299,,101.521,,95.3996,,61.222,,57.2931,,64.4093,,59.9859
667,,107.147,,116.747,,138.558,,140.054,,85.4924,,78.0057,,95.5762,,89.0912,,58.5388,,54.5444,,68.129,,63.546
668,,107.368,,117.248,,141.768,,143.297,,103.276,,96.1299,,101.521,,95.3996,,61.222,,57.2931,,64.4093,,59.9859
669,,107.643,,117.58,,141.69,,143.421,,103.276,,96.1299,,101.521,,95.3996,,61.222,,57.2931,,64.4093,,59.9859
670,,107.294,,117.388,,141.809,,143.466,,103.276,,96.1299,,101.521,,95.3996,,61.222,,57.2931,,64.4093,,59.9859
671,,107.124,,117.146,,138.432,,140.351,,85.4924,,78.0057,,95.5762,,89.0912,,58.5388,,54.5444,,68.129,,63.546
672,,107.362,,117.644,,141.661,,143.587,,103.276,,96.1299,,101.521,,95.3996,,61.222,,57.2931,,64.4093,,59.9859
673,,107.283,,117.371,,141.723,,143.501,,103.276,,96.1299,,101.521,,95.3996,,61.222,,57.2931,,64.4093,,59.9859
674,,107.094,,117.709,,141.511,,143.792,,103.276,,96.1299,,101.521,,95.3996,,61.222,,57.2931,,64.4093,,59.9859
675,,107.155,,116.953,,138.382,,140.308,,85.4924,,78.0057,,95.5762,,89.0912,,58.5388,,54.5444,,68.129,,63.546
676,,107.381,,117.455,,141.601,,143.548,,103.276,,96.1299,,101.521,,95.3996,,61.222,,57.2931,,64.4093,,59.9859
677,,106.932,,117.591,,141.434,,143.817,,103.276,,96.1299,,101.521,,95.3996,,61.222,,57.2931,,64.4093,,59.9859
678,,106.99,,116.924,,138.31,,140.348,,85.4924,,78.0057,,95.5762,,89.0912,,58.5388,,54.5444,,68.129,,63.546
679,,106.808,,116.899,,138.124,,140.435,,85.4924,,78.0057,,95.5762,,89.0912,,58.5388,,54.5444,,68.129,,63.546
680,,107.045,,117.379,,141.357,,143.65,,103.276,,96.1299,,101.521,,95.3996,,61.222,,57.2931,,64.4093,,59.9859
681,,106.884,,117.318,,141.431,,143.675,,103.276,,96.1299,,101.521,,95.3996,,61.222,,57.2931,,64.4093,,59.9859
682,,107.219,,117.339,,141.33,,143.584,,103.276,,96.1299,,101.521,,95.3996,,61.222,,57.2931,,64.4093,,59.9859
683,,106.539,,116.703,,138.239,,140.445,,85.4924,,78.0057,,95.5762,,89.0912,,58.5388,,54.5444,,68.129,,63.546
