RECORDING MOVEMENT  WITHOUT DISC
1,LEFT_MEDIAL_PTERYGOID,RIGHT_MEDIAL_PTERYGOID,LEFT_MASSETER_SUP,RIGHT_MASSETER_SUP,LEFT_MASSETER_DEEP,RIGHT_MASSETER_DEEP,LEFT_TEMPORALIS_ANT,RIGHT_TEMPORALIS_ANT
1,,103.276,,96.1299,,101.521,,95.3996,,61.222,,57.2931,,64.4093,,59.9859
2,,103.276,,96.1299,,101.521,,95.3996,,61.222,,57.2931,,64.4093,,59.9859
3,,103.276,,96.1299,,101.521,,95.3996,,61.222,,57.2931,,64.4093,,59.9859
4,,103.276,,96.1299,,101.521,,95.3996,,61.222,,57.2931,,64.4093,,59.9859
5,,103.276,,96.1299,,101.521,,95.3996,,61.222,,57.2931,,64.4093,,59.9859
6,,103.276,,96.1299,,101.521,,95.3996,,61.222,,57.2931,,64.4093,,59.9859
7,,103.276,,96.1299,,101.521,,95.3996,,61.222,,57.2931,,64.4093,,59.9859
8,,103.276,,96.1299,,101.521,,95.3996,,61.222,,57.2931,,64.4093,,59.9859
9,,103.276,,96.1299,,101.521,,95.3996,,61.222,,57.2931,,64.4093,,59.9859
10,,103.276,,96.1299,,101.521,,95.3996,,61.222,,57.2931,,64.4093,,59.9859
11,,103.276,,96.1299,,101.521,,95.3996,,61.222,,57.2931,,64.4093,,59.9859
12,,103.276,,96.1299,,101.521,,95.3996,,61.222,,57.2931,,64.4093,,59.9859
13,,103.276,,96.1299,,101.521,,95.3996,,61.222,,57.2931,,64.4093,,59.9859
14,,103.276,,96.1299,,101.521,,95.3996,,61.222,,57.2931,,64.4093,,59.9859
15,,103.276,,96.1299,,101.521,,95.3996,,61.222,,57.2931,,64.4093,,59.9859
16,,103.276,,96.1299,,101.521,,95.3996,,61.222,,57.2931,,64.4093,,59.9859
17,,103.276,,96.1299,,101.521,,95.3996,,61.222,,57.2931,,64.4093,,59.9859
18,,103.276,,96.1299,,101.521,,95.3996,,61.222,,57.2931,,64.4093,,59.9859
19,,103.276,,96.1299,,101.521,,95.3996,,61.222,,57.2931,,64.4093,,59.9859
20,,103.276,,96.1299,,101.521,,95.3996,,61.222,,57.2931,,64.4093,,59.9859
21,,103.276,,96.1299,,101.521,,95.3996,,61.222,,57.2931,,64.4093,,59.9859
22,,103.276,,96.1299,,101.521,,95.3996,,61.222,,57.2931,,64.4093,,59.9859
23,,103.276,,96.1299,,101.521,,95.3996,,61.222,,57.2931,,64.4093,,59.9859
24,,103.276,,96.1299,,101.521,,95.3996,,61.222,,57.2931,,64.4093,,59.9859
25,,103.276,,96.1299,,101.521,,95.3996,,61.222,,57.2931,,64.4093,,59.9859
26,,103.276,,96.1299,,101.521,,95.3996,,61.222,,57.2931,,64.4093,,59.9859
27,,103.276,,96.1299,,101.521,,95.3996,,61.222,,57.2931,,64.4093,,59.9859
28,,103.276,,96.1299,,101.521,,95.3996,,61.222,,57.2931,,64.4093,,59.9859
29,,103.276,,96.1299,,101.521,,95.3996,,61.222,,57.2931,,64.4093,,59.9859
30,,103.276,,96.1299,,101.521,,95.3996,,61.222,,57.2931,,64.4093,,59.9859
31,,103.276,,96.1299,,101.521,,95.3996,,61.222,,57.2931,,64.4093,,59.9859
32,,103.276,,96.1299,,101.521,,95.3996,,61.222,,57.2931,,64.4093,,59.9859
33,,103.276,,96.1299,,101.521,,95.3996,,61.222,,57.2931,,64.4093,,59.9859
34,,103.276,,96.1299,,101.521,,95.3996,,61.222,,57.2931,,64.4093,,59.9859
35,,103.276,,96.1299,,101.521,,95.3996,,61.222,,57.2931,,64.4093,,59.9859
36,,103.276,,96.1299,,101.521,,95.3996,,61.222,,57.2931,,64.4093,,59.9859
37,,103.276,,96.1299,,101.521,,95.3996,,61.222,,57.2931,,64.4093,,59.9859
38,,103.276,,96.1299,,101.521,,95.3996,,61.222,,57.2931,,64.4093,,59.9859
39,,103.276,,96.1299,,101.521,,95.3996,,61.222,,57.2931,,64.4093,,59.9859
40,,103.276,,96.1299,,101.521,,95.3996,,61.222,,57.2931,,64.4093,,59.9859
41,,103.276,,96.1299,,101.521,,95.3996,,61.222,,57.2931,,64.4093,,59.9859
42,,103.276,,96.1299,,101.521,,95.3996,,61.222,,57.2931,,64.4093,,59.9859
43,,103.276,,96.1299,,101.521,,95.3996,,61.222,,57.2931,,64.4093,,59.9859
44,,103.276,,96.1299,,101.521,,95.3996,,61.222,,57.2931,,64.4093,,59.9859
45,,103.276,,96.1299,,101.521,,95.3996,,61.222,,57.2931,,64.4093,,59.9859
46,,103.276,,96.1299,,101.521,,95.3996,,61.222,,57.2931,,64.4093,,59.9859
47,,103.276,,96.1299,,101.521,,95.3996,,61.222,,57.2931,,64.4093,,59.9859
48,,103.276,,96.1299,,101.521,,95.3996,,61.222,,57.2931,,64.4093,,59.9859
49,,103.276,,96.1299,,101.521,,95.3996,,61.222,,57.2931,,64.4093,,59.9859
50,,103.276,,96.1299,,101.521,,95.3996,,61.222,,57.2931,,64.4093,,59.9859
51,,103.276,,96.1299,,101.521,,95.3996,,61.222,,57.2931,,64.4093,,59.9859
52,,103.276,,96.1299,,101.521,,95.3996,,61.222,,57.2931,,64.4093,,59.9859
53,,103.276,,96.1299,,101.521,,95.3996,,61.222,,57.2931,,64.4093,,59.9859
54,,103.276,,96.1299,,101.521,,95.3996,,61.222,,57.2931,,64.4093,,59.9859
55,,103.276,,96.1299,,101.521,,95.3996,,61.222,,57.2931,,64.4093,,59.9859
56,,103.276,,96.1299,,101.521,,95.3996,,61.222,,57.2931,,64.4093,,59.9859
57,,103.276,,96.1299,,101.521,,95.3996,,61.222,,57.2931,,64.4093,,59.9859
58,,103.276,,96.1299,,101.521,,95.3996,,61.222,,57.2931,,64.4093,,59.9859
59,,103.276,,96.1299,,101.521,,95.3996,,61.222,,57.2931,,64.4093,,59.9859
60,,103.276,,96.1299,,101.521,,95.3996,,61.222,,57.2931,,64.4093,,59.9859
61,,103.276,,96.1299,,101.521,,95.3996,,61.222,,57.2931,,64.4093,,59.9859
62,,103.276,,96.1299,,101.521,,95.3996,,61.222,,57.2931,,64.4093,,59.9859
63,,103.276,,96.1299,,101.521,,95.3996,,61.222,,57.2931,,64.4093,,59.9859
64,,103.276,,96.1299,,101.521,,95.3996,,61.222,,57.2931,,64.4093,,59.9859
65,,103.276,,96.1299,,101.521,,95.3996,,61.222,,57.2931,,64.4093,,59.9859
66,,103.276,,96.1299,,101.521,,95.3996,,61.222,,57.2931,,64.4093,,59.9859
67,,103.276,,96.1299,,101.521,,95.3996,,61.222,,57.2931,,64.4093,,59.9859
68,,103.276,,96.1299,,101.521,,95.3996,,61.222,,57.2931,,64.4093,,59.9859
69,,103.276,,96.1299,,101.521,,95.3996,,61.222,,57.2931,,64.4093,,59.9859
70,,103.276,,96.1299,,101.521,,95.3996,,61.222,,57.2931,,64.4093,,59.9859
71,,103.276,,96.1299,,101.521,,95.3996,,61.222,,57.2931,,64.4093,,59.9859
72,,103.276,,96.1299,,101.521,,95.3996,,61.222,,57.2931,,64.4093,,59.9859
73,,103.276,,96.1299,,101.521,,95.3996,,61.222,,57.2931,,64.4093,,59.9859
74,,103.276,,96.1299,,101.521,,95.3996,,61.222,,57.2931,,64.4093,,59.9859
75,,103.276,,96.1299,,101.521,,95.3996,,61.222,,57.2931,,64.4093,,59.9859
76,,103.276,,96.1299,,101.521,,95.3996,,61.222,,57.2931,,64.4093,,59.9859
77,,103.276,,96.1299,,101.521,,95.3996,,61.222,,57.2931,,64.4093,,59.9859
78,,103.276,,96.1299,,101.521,,95.3996,,61.222,,57.2931,,64.4093,,59.9859
79,,103.276,,96.1299,,101.521,,95.3996,,61.222,,57.2931,,64.4093,,59.9859
80,LEFT_LAT_PTERYGOID_SUP,RIGHT_LAT_PTERYGOID_SUP,LEFT_LAT_PTERYGOID_INF,RIGHT_LAT_PTERYGOID_INF,LEFT_MEDIAL_PTERYGOID,RIGHT_MEDIAL_PTERYGOID,LEFT_MASSETER_SUP,RIGHT_MASSETER_SUP,LEFT_MASSETER_DEEP,RIGHT_MASSETER_DEEP,LEFT_TEMPORALIS_ANT,RIGHT_TEMPORALIS_ANT
80,,6.86,,6.86,,7.84,,7.84,,103.276,,96.1299,,101.521,,95.3996,,61.222,,57.2931,,64.4093,,59.9859
81,,38.1916,,35.4442,,44.2518,,40.478,,103.276,,96.1299,,101.521,,95.3996,,61.222,,57.2931,,64.4093,,59.9859
82,,38.1929,,35.4437,,44.2535,,40.4777,,103.276,,96.1299,,101.521,,95.3996,,61.222,,57.2931,,64.4093,,59.9859
83,,38.1937,,35.4438,,44.2547,,40.478,,103.276,,96.1299,,101.521,,95.3996,,61.222,,57.2931,,64.4093,,59.9859
84,,38.1944,,35.4439,,44.2556,,40.4783,,103.276,,96.1299,,101.521,,95.3996,,61.222,,57.2931,,64.4093,,59.9859
85,,38.195,,35.4441,,44.2564,,40.4786,,103.276,,96.1299,,101.521,,95.3996,,61.222,,57.2931,,64.4093,,59.9859
86,,38.1954,,35.4443,,44.257,,40.4789,,103.276,,96.1299,,101.521,,95.3996,,61.222,,57.2931,,64.4093,,59.9859
87,,37.5159,,34.8561,,43.0223,,39.329,,103.276,,96.1299,,101.521,,95.3996,,61.222,,57.2931,,64.4093,,59.9859
88,,37.5163,,34.8569,,43.023,,39.33,,103.276,,96.1299,,101.521,,95.3996,,61.222,,57.2931,,64.4093,,59.9859
89,,37.5167,,34.8576,,43.0237,,39.3309,,103.276,,96.1299,,101.521,,95.3996,,61.222,,57.2931,,64.4093,,59.9859
90,,37.5171,,34.8584,,43.0243,,39.3318,,103.276,,96.1299,,101.521,,95.3996,,61.222,,57.2931,,64.4093,,59.9859
91,,37.5175,,34.8591,,43.0248,,39.3327,,103.276,,96.1299,,101.521,,95.3996,,61.222,,57.2931,,64.4093,,59.9859
92,,37.5178,,34.8597,,43.0253,,39.3334,,103.276,,96.1299,,101.521,,95.3996,,61.222,,57.2931,,64.4093,,59.9859
93,,36.9762,,34.4219,,41.8969,,38.3039,,103.276,,96.1299,,101.521,,95.3996,,61.222,,57.2931,,64.4093,,59.9859
94,,36.9766,,34.4233,,41.8975,,38.3055,,103.276,,96.1299,,101.521,,95.3996,,61.222,,57.2931,,64.4093,,59.9859
95,,36.9769,,34.4248,,41.8981,,38.3072,,103.276,,96.1299,,101.521,,95.3996,,61.222,,57.2931,,64.4093,,59.9859
96,,36.9772,,34.426,,41.8986,,38.3086,,103.276,,96.1299,,101.521,,95.3996,,61.222,,57.2931,,64.4093,,59.9859
97,,36.9775,,34.4272,,41.8991,,38.31,,103.276,,96.1299,,101.521,,95.3996,,61.222,,57.2931,,64.4093,,59.9859
98,,36.9778,,34.4283,,41.8996,,38.3112,,103.276,,96.1299,,101.521,,95.3996,,61.222,,57.2931,,64.4093,,59.9859
99,,36.5806,,34.1461,,40.8867,,37.4117,,103.276,,96.1299,,101.521,,95.3996,,61.222,,57.2931,,64.4093,,59.9859
100,,36.581,,34.1478,,40.8875,,37.4136,,103.276,,96.1299,,101.521,,95.3996,,61.222,,57.2931,,64.4093,,59.9859
101,,36.5813,,34.1513,,40.8882,,37.4172,,103.276,,96.1299,,101.521,,95.3996,,61.222,,57.2931,,64.4093,,59.9859
102,,36.5818,,34.1546,,40.889,,37.4208,,103.276,,96.1299,,101.521,,95.3996,,61.222,,57.2931,,64.4093,,59.9859
103,,36.5821,,34.1583,,40.8896,,37.4247,,103.276,,96.1299,,101.521,,95.3996,,61.222,,57.2931,,64.4093,,59.9859
104,,36.5824,,34.1626,,40.8902,,37.4292,,103.276,,96.1299,,101.521,,95.3996,,61.222,,57.2931,,64.4093,,59.9859
105,,36.334,,34.0406,,40.0015,,36.6701,,103.276,,96.1299,,101.521,,95.3996,,61.222,,57.2931,,64.4093,,59.9859
106,,36.3348,,34.0451,,40.0027,,36.6748,,103.276,,96.1299,,101.521,,95.3996,,61.222,,57.2931,,64.4093,,59.9859
107,,36.3356,,34.0495,,40.0038,,36.6794,,103.276,,96.1299,,101.521,,95.3996,,61.222,,57.2931,,64.4093,,59.9859
108,,36.3363,,34.0537,,40.0048,,36.6836,,103.276,,96.1299,,101.521,,95.3996,,61.222,,57.2931,,64.4093,,59.9859
109,,36.3368,,34.0574,,40.0056,,36.6875,,103.276,,96.1299,,101.521,,95.3996,,61.222,,57.2931,,64.4093,,59.9859
110,,36.3375,,34.0609,,40.0065,,36.6912,,103.276,,96.1299,,101.521,,95.3996,,61.222,,57.2931,,64.4093,,59.9859
111,,36.241,,34.0947,,39.2507,,36.0756,,103.276,,96.1299,,101.521,,95.3996,,61.222,,57.2931,,64.4093,,59.9859
112,,36.2419,,34.0982,,39.2519,,36.0792,,103.276,,96.1299,,101.521,,95.3996,,61.222,,57.2931,,64.4093,,59.9859
113,,36.2447,,34.1039,,39.2553,,36.0848,,103.276,,96.1299,,101.521,,95.3996,,61.222,,57.2931,,64.4093,,59.9859
114,,36.2474,,34.1107,,39.2585,,36.0914,,103.276,,96.1299,,101.521,,95.3996,,61.222,,57.2931,,64.4093,,59.9859
115,,36.2536,,34.1184,,39.2657,,36.0984,,103.276,,96.1299,,101.521,,95.3996,,61.222,,57.2931,,64.4093,,59.9859
116,,33.9605,,31.6849,,34.5851,,31.4303,,85.4924,,78.0057,,95.5762,,89.0912,,58.5388,,54.5444,,68.129,,63.546
117,,36.3109,,34.3438,,38.6524,,35.6662,,103.276,,96.1299,,101.521,,95.3996,,61.222,,57.2931,,64.4093,,59.9859
118,,36.3146,,34.3665,,38.6569,,35.6862,,103.276,,96.1299,,101.521,,95.3996,,61.222,,57.2931,,64.4093,,59.9859
119,,36.3197,,34.3875,,38.6629,,35.7041,,103.276,,96.1299,,101.521,,95.3996,,61.222,,57.2931,,64.4093,,59.9859
120,,36.3256,,34.3947,,38.6694,,35.7106,,103.276,,96.1299,,101.521,,95.3996,,61.222,,57.2931,,64.4093,,59.9859
121,,36.3296,,34.396,,38.6741,,35.712,,103.276,,96.1299,,101.521,,95.3996,,61.222,,57.2931,,64.4093,,59.9859
122,,36.3321,,34.3968,,38.6769,,35.7129,,103.276,,96.1299,,101.521,,95.3996,,61.222,,57.2931,,64.4093,,59.9859
123,,36.5295,,34.7109,,38.1981,,35.3835,,103.276,,96.1299,,101.521,,95.3996,,61.222,,57.2931,,64.4093,,59.9859
124,,36.5314,,34.7112,,38.2002,,35.3839,,103.276,,96.1299,,101.521,,95.3996,,61.222,,57.2931,,64.4093,,59.9859
125,,36.5346,,34.7118,,38.2041,,35.3847,,103.276,,96.1299,,101.521,,95.3996,,61.222,,57.2931,,64.4093,,59.9859
126,,36.5382,,34.7123,,38.2083,,35.3854,,103.276,,96.1299,,101.521,,95.3996,,61.222,,57.2931,,64.4093,,59.9859
127,,36.5415,,34.7138,,38.2118,,35.3865,,103.276,,96.1299,,101.521,,95.3996,,61.222,,57.2931,,64.4093,,59.9859
128,,36.5416,,34.7137,,38.2117,,35.3863,,103.276,,96.1299,,101.521,,95.3996,,61.222,,57.2931,,64.4093,,59.9859
129,,36.5417,,34.7137,,38.2117,,35.3861,,103.276,,96.1299,,101.521,,95.3996,,61.222,,57.2931,,64.4093,,59.9859
130,,36.8805,,35.1682,,37.8786,,35.2127,,103.276,,96.1299,,101.521,,95.3996,,61.222,,57.2931,,64.4093,,59.9859
131,,36.8806,,35.1682,,37.8786,,35.2126,,103.276,,96.1299,,101.521,,95.3996,,61.222,,57.2931,,64.4093,,59.9859
132,,36.8807,,35.1682,,37.8786,,35.2126,,103.276,,96.1299,,101.521,,95.3996,,61.222,,57.2931,,64.4093,,59.9859
133,,36.8807,,35.1682,,37.8786,,35.2126,,103.276,,96.1299,,101.521,,95.3996,,61.222,,57.2931,,64.4093,,59.9859
134,,36.8808,,35.1682,,37.8786,,35.2126,,103.276,,96.1299,,101.521,,95.3996,,61.222,,57.2931,,64.4093,,59.9859
135,,36.8808,,35.1682,,37.8787,,35.2126,,103.276,,96.1299,,101.521,,95.3996,,61.222,,57.2931,,64.4093,,59.9859
136,,37.3641,,35.7587,,37.7044,,35.199,,103.276,,96.1299,,101.521,,95.3996,,61.222,,57.2931,,64.4093,,59.9859
137,,37.3641,,35.7587,,37.7044,,35.199,,103.276,,96.1299,,101.521,,95.3996,,61.222,,57.2931,,64.4093,,59.9859
138,,37.3641,,35.7587,,37.7044,,35.199,,103.276,,96.1299,,101.521,,95.3996,,61.222,,57.2931,,64.4093,,59.9859
139,,37.3641,,35.7587,,37.7044,,35.199,,103.276,,96.1299,,101.521,,95.3996,,61.222,,57.2931,,64.4093,,59.9859
140,,37.3641,,35.7587,,37.7044,,35.199,,103.276,,96.1299,,101.521,,95.3996,,61.222,,57.2931,,64.4093,,59.9859
141,,37.3641,,35.7587,,37.7044,,35.199,,103.276,,96.1299,,101.521,,95.3996,,61.222,,57.2931,,64.4093,,59.9859
142,,37.9861,,36.4777,,37.6916,,35.3447,,103.276,,96.1299,,101.521,,95.3996,,61.222,,57.2931,,64.4093,,59.9859
143,,37.9861,,36.4775,,37.6916,,35.3444,,103.276,,96.1299,,101.521,,95.3996,,61.222,,57.2931,,64.4093,,59.9859
144,,37.986,,36.4772,,37.6915,,35.344,,103.276,,96.1299,,101.521,,95.3996,,61.222,,57.2931,,64.4093,,59.9859
145,,37.986,,36.4765,,37.6915,,35.3433,,103.276,,96.1299,,101.521,,95.3996,,61.222,,57.2931,,64.4093,,59.9859
146,,37.9862,,36.475,,37.6917,,35.3419,,103.276,,96.1299,,101.521,,95.3996,,61.222,,57.2931,,64.4093,,59.9859
147,,37.9863,,36.4736,,37.6918,,35.3405,,103.276,,96.1299,,101.521,,95.3996,,61.222,,57.2931,,64.4093,,59.9859
148,,38.7411,,37.3069,,37.8417,,35.6372,,103.276,,96.1299,,101.521,,95.3996,,61.222,,57.2931,,64.4093,,59.9859
149,,38.7414,,37.3033,,37.842,,35.6337,,103.276,,96.1299,,101.521,,95.3996,,61.222,,57.2931,,64.4093,,59.9859
150,,38.7416,,37.2994,,37.8422,,35.63,,103.276,,96.1299,,101.521,,95.3996,,61.222,,57.2931,,64.4093,,59.9859
151,,38.742,,37.2937,,37.8425,,35.6247,,103.276,,96.1299,,101.521,,95.3996,,61.222,,57.2931,,64.4093,,59.9859
152,,38.742,,37.2869,,37.8425,,35.6183,,103.276,,96.1299,,101.521,,95.3996,,61.222,,57.2931,,64.4093,,59.9859
153,,37.3569,,35.8699,,32.06,,30.1162,,85.4924,,78.0057,,95.5762,,89.0912,,58.5388,,54.5444,,68.129,,63.546
154,,39.6218,,38.201,,38.1531,,36.0386,,103.276,,96.1299,,101.521,,95.3996,,61.222,,57.2931,,64.4093,,59.9859
155,,39.622,,38.1884,,38.1532,,36.0268,,103.276,,96.1299,,101.521,,95.3996,,61.222,,57.2931,,64.4093,,59.9859
156,,39.6221,,38.1679,,38.1529,,36.0074,,103.276,,96.1299,,101.521,,95.3996,,61.222,,57.2931,,64.4093,,59.9859
157,,39.6224,,38.1448,,38.1528,,35.9856,,103.276,,96.1299,,101.521,,95.3996,,61.222,,57.2931,,64.4093,,59.9859
158,,39.6217,,38.1223,,38.1522,,35.9647,,103.276,,96.1299,,101.521,,95.3996,,61.222,,57.2931,,64.4093,,59.9859
159,,39.6208,,38.1073,,38.1509,,35.9491,,103.276,,96.1299,,101.521,,95.3996,,61.222,,57.2931,,64.4093,,59.9859
160,,40.6156,,39.0861,,38.6165,,36.4775,,103.276,,96.1299,,101.521,,95.3996,,61.222,,57.2931,,64.4093,,59.9859
161,,40.6147,,39.0662,,38.6153,,36.4567,,103.276,,96.1299,,101.521,,95.3996,,61.222,,57.2931,,64.4093,,59.9859
162,,40.614,,39.0473,,38.6142,,36.4372,,103.276,,96.1299,,101.521,,95.3996,,61.222,,57.2931,,64.4093,,59.9859
163,,40.6135,,39.0287,,38.6132,,36.4182,,103.276,,96.1299,,101.521,,95.3996,,61.222,,57.2931,,64.4093,,59.9859
164,,40.6145,,39.0053,,38.6133,,36.3966,,103.276,,96.1299,,101.521,,95.3996,,61.222,,57.2931,,64.4093,,59.9859
165,,40.6147,,38.9753,,38.6108,,36.3716,,103.276,,96.1299,,101.521,,95.3996,,61.222,,57.2931,,64.4093,,59.9859
166,,41.7168,,39.9924,,39.2208,,36.9963,,103.276,,96.1299,,101.521,,95.3996,,61.222,,57.2931,,64.4093,,59.9859
167,,39.5162,,37.6722,,32.9571,,30.8795,,85.4924,,78.0057,,95.5762,,89.0912,,58.5388,,54.5444,,68.129,,63.546
168,,39.5103,,37.6348,,32.9452,,30.8463,,85.4924,,78.0057,,95.5762,,89.0912,,58.5388,,54.5444,,68.129,,63.546
169,,39.5006,,37.6101,,32.9296,,30.8235,,85.4924,,78.0057,,95.5762,,89.0912,,58.5388,,54.5444,,68.129,,63.546
170,,41.6879,,39.8528,,39.1723,,36.8837,,103.276,,96.1299,,101.521,,95.3996,,61.222,,57.2931,,64.4093,,59.9859
171,,41.6732,,39.8341,,39.1532,,36.8665,,103.276,,96.1299,,101.521,,95.3996,,61.222,,57.2931,,64.4093,,59.9859
172,,42.842,,40.9142,,39.8644,,37.6038,,103.276,,96.1299,,101.521,,95.3996,,61.222,,57.2931,,64.4093,,59.9859
173,,42.8289,,40.8415,,39.8446,,37.5451,,103.276,,96.1299,,101.521,,95.3996,,61.222,,57.2931,,64.4093,,59.9859
174,,42.8115,,40.7584,,39.8215,,37.4728,,103.276,,96.1299,,101.521,,95.3996,,61.222,,57.2931,,64.4093,,59.9859
175,,42.7924,,40.6543,,39.7972,,37.3863,,103.276,,96.1299,,101.521,,95.3996,,61.222,,57.2931,,64.4093,,59.9859
176,,42.775,,40.5329,,39.7743,,37.2841,,103.276,,96.1299,,101.521,,95.3996,,61.222,,57.2931,,64.4093,,59.9859
177,,42.7469,,40.3932,,39.7451,,37.1839,,103.276,,96.1299,,101.521,,95.3996,,61.222,,57.2931,,64.4093,,59.9859
178,,43.9725,,41.2632,,40.5583,,37.8307,,103.276,,96.1299,,101.521,,95.3996,,61.222,,57.2931,,64.4093,,59.9859
179,,43.9375,,41.0179,,40.5296,,37.6468,,103.276,,96.1299,,101.521,,95.3996,,61.222,,57.2931,,64.4093,,59.9859
180,,43.9057,,40.738,,40.5059,,37.4326,,103.276,,96.1299,,101.521,,95.3996,,61.222,,57.2931,,64.4093,,59.9859
181,,43.875,,40.4263,,40.4862,,37.1938,,103.276,,96.1299,,101.521,,95.3996,,61.222,,57.2931,,64.4093,,59.9859
182,,43.8698,,40.2903,,40.4837,,37.0769,,103.276,,96.1299,,101.521,,95.3996,,61.222,,57.2931,,64.4093,,59.9859
183,,43.8648,,40.2773,,40.4794,,37.0741,,103.276,,96.1299,,101.521,,95.3996,,61.222,,57.2931,,64.4093,,59.9859
184,,45.1884,,41.2114,,41.4404,,37.8334,,103.276,,96.1299,,101.521,,95.3996,,61.222,,57.2931,,64.4093,,59.9859
185,,45.1719,,41.2146,,41.4226,,37.8414,,103.276,,96.1299,,101.521,,95.3996,,61.222,,57.2931,,64.4093,,59.9859
186,,45.1621,,41.2153,,41.4105,,37.8487,,103.276,,96.1299,,101.521,,95.3996,,61.222,,57.2931,,64.4093,,59.9859
187,,45.1422,,41.227,,41.3884,,37.8626,,103.276,,96.1299,,101.521,,95.3996,,61.222,,57.2931,,64.4093,,59.9859
188,,45.1302,,41.2331,,41.3732,,37.8734,,103.276,,96.1299,,101.521,,95.3996,,61.222,,57.2931,,64.4093,,59.9859
189,,45.1095,,41.2506,,41.35,,37.8909,,103.276,,96.1299,,101.521,,95.3996,,61.222,,57.2931,,64.4093,,59.9859
190,,46.4912,,42.2712,,42.4063,,38.7812,,103.276,,96.1299,,101.521,,95.3996,,61.222,,57.2931,,64.4093,,59.9859
191,,46.4665,,42.2844,,42.3784,,38.7951,,103.276,,96.1299,,101.521,,95.3996,,61.222,,57.2931,,64.4093,,59.9859
192,,46.451,,42.2836,,42.3586,,38.8001,,103.276,,96.1299,,101.521,,95.3996,,61.222,,57.2931,,64.4093,,59.9859
193,,46.4252,,42.2876,,42.3307,,38.8063,,103.276,,96.1299,,101.521,,95.3996,,61.222,,57.2931,,64.4093,,59.9859
194,,46.4097,,42.282,,42.3121,,38.8073,,103.276,,96.1299,,101.521,,95.3996,,61.222,,57.2931,,64.4093,,59.9859
195,,46.3864,,42.2858,,42.2874,,38.8124,,103.276,,96.1299,,101.521,,95.3996,,61.222,,57.2931,,64.4093,,59.9859
196,,46.3735,,42.2811,,42.2723,,38.8129,,103.276,,96.1299,,101.521,,95.3996,,61.222,,57.2931,,64.4093,,59.9859
197,,47.8038,,43.354,,43.419,,39.797,,103.276,,96.1299,,101.521,,95.3996,,61.222,,57.2931,,64.4093,,59.9859
198,,47.7913,,43.346,,43.4043,,39.7961,,103.276,,96.1299,,101.521,,95.3996,,61.222,,57.2931,,64.4093,,59.9859
199,,47.7725,,43.3485,,43.3856,,39.7992,,103.276,,96.1299,,101.521,,95.3996,,61.222,,57.2931,,64.4093,,59.9859
200,,47.7628,,43.3406,,43.3739,,39.7978,,103.276,,96.1299,,101.521,,95.3996,,61.222,,57.2931,,64.4093,,59.9859
201,,47.7469,,43.3436,,43.3584,,39.8006,,103.276,,96.1299,,101.521,,95.3996,,61.222,,57.2931,,64.4093,,59.9859
202,,47.7398,,43.3368,,43.35,,39.7991,,103.276,,96.1299,,101.521,,95.3996,,61.222,,57.2931,,64.4093,,59.9859
203,,49.2332,,44.4571,,44.5984,,40.8719,,103.276,,96.1299,,101.521,,95.3996,,61.222,,57.2931,,64.4093,,59.9859
204,,49.2259,,44.4465,,44.589,,40.8693,,103.276,,96.1299,,101.521,,95.3996,,61.222,,57.2931,,64.4093,,59.9859
205,,49.2112,,44.4463,,44.5744,,40.8705,,103.276,,96.1299,,101.521,,95.3996,,61.222,,57.2931,,64.4093,,59.9859
206,,49.2046,,44.4357,,44.5656,,40.868,,103.276,,96.1299,,101.521,,95.3996,,61.222,,57.2931,,64.4093,,59.9859
207,,49.1914,,44.4374,,44.5529,,40.8696,,103.276,,96.1299,,101.521,,95.3996,,61.222,,57.2931,,64.4093,,59.9859
208,,49.1868,,44.4293,,44.5467,,40.8675,,103.276,,96.1299,,101.521,,95.3996,,61.222,,57.2931,,64.4093,,59.9859
209,,50.7375,,45.595,,45.8879,,42.0229,,103.276,,96.1299,,101.521,,95.3996,,61.222,,57.2931,,64.4093,,59.9859
210,,50.7324,,45.5831,,45.8807,,42.0199,,103.276,,96.1299,,101.521,,95.3996,,61.222,,57.2931,,64.4093,,59.9859
211,,50.7203,,45.5823,,45.8693,,42.0202,,103.276,,96.1299,,101.521,,95.3996,,61.222,,57.2931,,64.4093,,59.9859
212,,50.7162,,45.5703,,45.8626,,42.0173,,103.276,,96.1299,,101.521,,95.3996,,61.222,,57.2931,,64.4093,,59.9859
213,,50.7043,,45.5701,,45.8512,,42.0178,,103.276,,96.1299,,101.521,,95.3996,,61.222,,57.2931,,64.4093,,59.9859
214,,50.7003,,45.5592,,45.8446,,42.0153,,103.276,,96.1299,,101.521,,95.3996,,61.222,,57.2931,,64.4093,,59.9859
215,,52.3009,,46.7644,,47.2667,,43.2469,,103.276,,96.1299,,101.521,,95.3996,,61.222,,57.2931,,64.4093,,59.9859
216,,52.2952,,46.75,,47.2574,,43.244,,103.276,,96.1299,,101.521,,95.3996,,61.222,,57.2931,,64.4093,,59.9859
217,,52.2813,,46.7479,,47.2434,,43.2441,,103.276,,96.1299,,101.521,,95.3996,,61.222,,57.2931,,64.4093,,59.9859
218,,52.2756,,46.7342,,47.2337,,43.2417,,103.276,,96.1299,,101.521,,95.3996,,61.222,,57.2931,,64.4093,,59.9859
219,,52.2564,,46.7321,,47.2138,,43.2426,,103.276,,96.1299,,101.521,,95.3996,,61.222,,57.2931,,64.4093,,59.9859
220,,52.233,,46.714,,47.1836,,43.2415,,103.276,,96.1299,,101.521,,95.3996,,61.222,,57.2931,,64.4093,,59.9859
221,,52.1087,,45.9733,,42.7286,,38.5177,,85.4924,,78.0057,,95.5762,,89.0912,,58.5388,,54.5444,,68.129,,63.546
222,,53.8085,,47.9373,,48.5923,,44.5542,,103.276,,96.1299,,101.521,,95.3996,,61.222,,57.2931,,64.4093,,59.9859
223,,53.753,,47.9305,,48.5271,,44.5623,,103.276,,96.1299,,101.521,,95.3996,,61.222,,57.2931,,64.4093,,59.9859
224,,53.6706,,47.8516,,48.4199,,44.5517,,103.276,,96.1299,,101.521,,95.3996,,61.222,,57.2931,,64.4093,,59.9859
225,,53.5462,,47.8248,,48.2698,,44.5692,,103.276,,96.1299,,101.521,,95.3996,,61.222,,57.2931,,64.4093,,59.9859
226,,53.3068,,47.715,,48.0214,,44.5477,,103.276,,96.1299,,101.521,,95.3996,,61.222,,57.2931,,64.4093,,59.9859
227,,54.5051,,48.7617,,49.1373,,45.774,,103.276,,96.1299,,101.521,,95.3996,,61.222,,57.2931,,64.4093,,59.9859
228,,53.9166,,48.3701,,48.6034,,45.518,,103.276,,96.1299,,101.521,,95.3996,,61.222,,57.2931,,64.4093,,59.9859
229,,53.1228,,47.8771,,47.934,,45.2046,,103.276,,96.1299,,101.521,,95.3996,,61.222,,57.2931,,64.4093,,59.9859
230,,52.3423,,47.3074,,47.238,,44.8557,,103.276,,96.1299,,101.521,,95.3996,,61.222,,57.2931,,64.4093,,59.9859
231,,51.5331,,46.6775,,46.5458,,44.4784,,103.276,,96.1299,,101.521,,95.3996,,61.222,,57.2931,,64.4093,,59.9859
232,,50.7038,,45.8742,,45.8514,,44.0205,,103.276,,96.1299,,101.521,,95.3996,,61.222,,57.2931,,64.4093,,59.9859
233,,50.5189,,45.833,,46.2317,,44.7922,,103.276,,96.1299,,101.521,,95.3996,,61.222,,57.2931,,64.4093,,59.9859
234,,48.6259,,44.4185,,45.1125,,44.0554,,103.276,,96.1299,,101.521,,95.3996,,61.222,,57.2931,,64.4093,,59.9859
235,,46.5515,,42.7755,,43.9607,,43.2289,,103.276,,96.1299,,101.521,,95.3996,,61.222,,57.2931,,64.4093,,59.9859
236,,44.3677,,41.0549,,42.8324,,42.4282,,103.276,,96.1299,,101.521,,95.3996,,61.222,,57.2931,,64.4093,,59.9859
237,,38.0313,,35.8636,,34.023,,34.6646,,85.4924,,78.0057,,95.5762,,89.0912,,58.5388,,54.5444,,68.129,,63.546
238,,36.3967,,35.5162,,34.4023,,35.7401,,85.4924,,78.0057,,95.5762,,89.0912,,58.5388,,54.5444,,68.129,,63.546
239,,34.5131,,35.0732,,33.8153,,35.4487,,85.4924,,78.0057,,95.5762,,89.0912,,58.5388,,54.5444,,68.129,,63.546
240,,33.1992,,35.1016,,33.4384,,35.2052,,85.4924,,78.0057,,95.5762,,89.0912,,58.5388,,54.5444,,68.129,,63.546
241,,35.2842,,37.1667,,40.41,,41.5083,,103.276,,96.1299,,101.521,,95.3996,,61.222,,57.2931,,64.4093,,59.9859
242,,32.3237,,35.8219,,32.9501,,34.8922,,85.4924,,78.0057,,95.5762,,89.0912,,58.5388,,54.5444,,68.129,,63.546
243,,32.7411,,36.3073,,32.7475,,34.6823,,85.4924,,78.0057,,95.5762,,89.0912,,58.5388,,54.5444,,68.129,,63.546
244,,33.5478,,36.797,,32.7267,,34.5118,,85.4924,,78.0057,,95.5762,,89.0912,,58.5388,,54.5444,,68.129,,63.546
245,,35.2617,,38.7779,,39.3933,,40.9121,,103.276,,96.1299,,101.521,,95.3996,,61.222,,57.2931,,64.4093,,59.9859
246,,36.3353,,39.7124,,40.7541,,42.0986,,103.276,,96.1299,,101.521,,95.3996,,61.222,,57.2931,,64.4093,,59.9859
247,,37.1436,,40.0236,,40.8156,,41.9927,,103.276,,96.1299,,101.521,,95.3996,,61.222,,57.2931,,64.4093,,59.9859
248,,37.9892,,40.2684,,40.9797,,41.9014,,103.276,,96.1299,,101.521,,95.3996,,61.222,,57.2931,,64.4093,,59.9859
249,,38.513,,40.5177,,41.1268,,41.9386,,103.276,,96.1299,,101.521,,95.3996,,61.222,,57.2931,,64.4093,,59.9859
250,,38.7832,,40.647,,41.1775,,42.0088,,103.276,,96.1299,,101.521,,95.3996,,61.222,,57.2931,,64.4093,,59.9859
251,,38.7933,,40.558,,41.2499,,42.059,,103.276,,96.1299,,101.521,,95.3996,,61.222,,57.2931,,64.4093,,59.9859
252,,39.0526,,40.8513,,42.7584,,43.3861,,103.276,,96.1299,,101.521,,95.3996,,61.222,,57.2931,,64.4093,,59.9859
253,,38.3971,,40.4015,,42.8424,,43.4444,,103.276,,96.1299,,101.521,,95.3996,,61.222,,57.2931,,64.4093,,59.9859
254,,37.6748,,40.0186,,42.8738,,43.4872,,103.276,,96.1299,,101.521,,95.3996,,61.222,,57.2931,,64.4093,,59.9859
255,,37.0404,,39.8121,,42.885,,43.5391,,103.276,,96.1299,,101.521,,95.3996,,61.222,,57.2931,,64.4093,,59.9859
256,,36.592,,39.8326,,42.903,,43.6235,,103.276,,96.1299,,101.521,,95.3996,,61.222,,57.2931,,64.4093,,59.9859
257,,36.3685,,40.0791,,42.9594,,43.7562,,103.276,,96.1299,,101.521,,95.3996,,61.222,,57.2931,,64.4093,,59.9859
258,,36.8339,,41.2297,,44.5317,,45.3388,,103.276,,96.1299,,101.521,,95.3996,,61.222,,57.2931,,64.4093,,59.9859
259,,36.998,,41.9488,,44.7237,,45.6019,,103.276,,96.1299,,101.521,,95.3996,,61.222,,57.2931,,64.4093,,59.9859
260,,37.2787,,42.7771,,44.9433,,45.9181,,103.276,,96.1299,,101.521,,95.3996,,61.222,,57.2931,,64.4093,,59.9859
261,,37.5952,,43.5729,,45.2052,,46.2673,,103.276,,96.1299,,101.521,,95.3996,,61.222,,57.2931,,64.4093,,59.9859
262,,37.9205,,44.3067,,45.4773,,46.6024,,103.276,,96.1299,,101.521,,95.3996,,61.222,,57.2931,,64.4093,,59.9859
263,,38.2171,,44.9703,,45.7575,,46.9298,,103.276,,96.1299,,101.521,,95.3996,,61.222,,57.2931,,64.4093,,59.9859
264,,38.8197,,46.2995,,47.3466,,48.5045,,103.276,,96.1299,,101.521,,95.3996,,61.222,,57.2931,,64.4093,,59.9859
265,,38.527,,46.6463,,47.4271,,48.6237,,103.276,,96.1299,,101.521,,95.3996,,61.222,,57.2931,,64.4093,,59.9859
266,,38.4289,,47.1346,,47.483,,48.796,,103.276,,96.1299,,101.521,,95.3996,,61.222,,57.2931,,64.4093,,59.9859
267,,38.3569,,47.5331,,47.5378,,48.9669,,103.276,,96.1299,,101.521,,95.3996,,61.222,,57.2931,,64.4093,,59.9859
268,,38.27,,47.8869,,47.6147,,49.1324,,103.276,,96.1299,,101.521,,95.3996,,61.222,,57.2931,,64.4093,,59.9859
269,,38.2449,,48.2412,,47.6738,,49.2996,,103.276,,96.1299,,101.521,,95.3996,,61.222,,57.2931,,64.4093,,59.9859
270,,38.8309,,49.6274,,49.3379,,50.9587,,103.276,,96.1299,,101.521,,95.3996,,61.222,,57.2931,,64.4093,,59.9859
271,,38.8238,,49.9307,,49.375,,51.1036,,103.276,,96.1299,,101.521,,95.3996,,61.222,,57.2931,,64.4093,,59.9859
272,,38.8346,,50.2253,,49.417,,51.2283,,103.276,,96.1299,,101.521,,95.3996,,61.222,,57.2931,,64.4093,,59.9859
273,,38.8592,,50.49,,49.4217,,51.3433,,103.276,,96.1299,,101.521,,95.3996,,61.222,,57.2931,,64.4093,,59.9859
274,,38.9263,,50.7528,,49.4415,,51.4373,,103.276,,96.1299,,101.521,,95.3996,,61.222,,57.2931,,64.4093,,59.9859
275,,39.0295,,50.9891,,49.4182,,51.5206,,103.276,,96.1299,,101.521,,95.3996,,61.222,,57.2931,,64.4093,,59.9859
276,,39.8353,,52.367,,51.0807,,53.1294,,103.276,,96.1299,,101.521,,95.3996,,61.222,,57.2931,,64.4093,,59.9859
277,,38.5037,,51.1407,,45.1658,,47.6217,,85.4924,,78.0057,,95.5762,,89.0912,,58.5388,,54.5444,,68.129,,63.546
278,,40.28,,52.7886,,51.0278,,53.2109,,103.276,,96.1299,,101.521,,95.3996,,61.222,,57.2931,,64.4093,,59.9859
279,,40.5404,,52.9693,,50.9723,,53.2375,,103.276,,96.1299,,101.521,,95.3996,,61.222,,57.2931,,64.4093,,59.9859
280,,40.8384,,53.1539,,50.9601,,53.25,,103.276,,96.1299,,101.521,,95.3996,,61.222,,57.2931,,64.4093,,59.9859
281,,41.1252,,53.3074,,50.9037,,53.2613,,103.276,,96.1299,,101.521,,95.3996,,61.222,,57.2931,,64.4093,,59.9859
282,,42.2174,,54.6624,,52.6083,,54.8163,,103.276,,96.1299,,101.521,,95.3996,,61.222,,57.2931,,64.4093,,59.9859
283,,42.4753,,54.7865,,52.5281,,54.8309,,103.276,,96.1299,,101.521,,95.3996,,61.222,,57.2931,,64.4093,,59.9859
284,,42.714,,54.9283,,52.446,,54.8667,,103.276,,96.1299,,101.521,,95.3996,,61.222,,57.2931,,64.4093,,59.9859
285,,42.8775,,55.016,,52.3653,,54.9174,,103.276,,96.1299,,101.521,,95.3996,,61.222,,57.2931,,64.4093,,59.9859
286,,43.0161,,55.1326,,52.3482,,54.9388,,103.276,,96.1299,,101.521,,95.3996,,61.222,,57.2931,,64.4093,,59.9859
287,,43.1384,,55.224,,52.3002,,54.9699,,103.276,,96.1299,,101.521,,95.3996,,61.222,,57.2931,,64.4093,,59.9859
288,,44.0596,,56.5366,,54.038,,56.5674,,103.276,,96.1299,,101.521,,95.3996,,61.222,,57.2931,,64.4093,,59.9859
289,,44.062,,56.5909,,54.0102,,56.6096,,103.276,,96.1299,,101.521,,95.3996,,61.222,,57.2931,,64.4093,,59.9859
290,,44.0971,,56.6793,,54.0244,,56.631,,103.276,,96.1299,,101.521,,95.3996,,61.222,,57.2931,,64.4093,,59.9859
291,,44.0678,,56.7113,,54.0059,,56.6599,,103.276,,96.1299,,101.521,,95.3996,,61.222,,57.2931,,64.4093,,59.9859
292,,44.0577,,56.7726,,54.0288,,56.6829,,103.276,,96.1299,,101.521,,95.3996,,61.222,,57.2931,,64.4093,,59.9859
293,,44.0271,,56.7982,,54.0195,,56.7077,,103.276,,96.1299,,101.521,,95.3996,,61.222,,57.2931,,64.4093,,59.9859
294,,45.0111,,58.1355,,55.8226,,58.3373,,103.276,,96.1299,,101.521,,95.3996,,61.222,,57.2931,,64.4093,,59.9859
295,,45.0687,,58.1261,,55.8403,,58.3239,,103.276,,96.1299,,101.521,,95.3996,,61.222,,57.2931,,64.4093,,59.9859
296,,45.3286,,58.1998,,55.8883,,58.3259,,103.276,,96.1299,,101.521,,95.3996,,61.222,,57.2931,,64.4093,,59.9859
297,,45.6437,,58.1933,,55.9203,,58.2939,,103.276,,96.1299,,101.521,,95.3996,,61.222,,57.2931,,64.4093,,59.9859
298,,46.1614,,58.2872,,55.8933,,58.3144,,103.276,,96.1299,,101.521,,95.3996,,61.222,,57.2931,,64.4093,,59.9859
299,,46.7672,,58.3351,,55.8859,,58.3404,,103.276,,96.1299,,101.521,,95.3996,,61.222,,57.2931,,64.4093,,59.9859
300,,48.3361,,59.6941,,57.6786,,59.9916,,103.276,,96.1299,,101.521,,95.3996,,61.222,,57.2931,,64.4093,,59.9859
301,,48.9121,,59.7415,,57.6568,,59.9963,,103.276,,96.1299,,101.521,,95.3996,,61.222,,57.2931,,64.4093,,59.9859
302,,49.3291,,59.7697,,57.6552,,60.0001,,103.276,,96.1299,,101.521,,95.3996,,61.222,,57.2931,,64.4093,,59.9859
303,,49.5182,,59.7267,,57.6719,,59.9961,,103.276,,96.1299,,101.521,,95.3996,,61.222,,57.2931,,64.4093,,59.9859
304,,49.9753,,59.8494,,57.6291,,59.9866,,103.276,,96.1299,,101.521,,95.3996,,61.222,,57.2931,,64.4093,,59.9859
305,,50.1983,,59.8156,,57.6666,,60.0202,,103.276,,96.1299,,101.521,,95.3996,,61.222,,57.2931,,64.4093,,59.9859
306,,51.4857,,61.1402,,59.5357,,61.7292,,103.276,,96.1299,,101.521,,95.3996,,61.222,,57.2931,,64.4093,,59.9859
307,,51.9088,,61.2441,,59.4998,,61.7839,,103.276,,96.1299,,101.521,,95.3996,,61.222,,57.2931,,64.4093,,59.9859
308,,52.0522,,61.1637,,59.6167,,61.8438,,103.276,,96.1299,,101.521,,95.3996,,61.222,,57.2931,,64.4093,,59.9859
309,,52.3057,,61.213,,59.6634,,61.9299,,103.276,,96.1299,,101.521,,95.3996,,61.222,,57.2931,,64.4093,,59.9859
310,,52.5494,,61.2089,,59.751,,62.0174,,103.276,,96.1299,,101.521,,95.3996,,61.222,,57.2931,,64.4093,,59.9859
311,,52.6705,,61.1852,,59.816,,62.1168,,103.276,,96.1299,,101.521,,95.3996,,61.222,,57.2931,,64.4093,,59.9859
312,,54.0998,,62.6257,,61.6521,,63.9391,,103.276,,96.1299,,101.521,,95.3996,,61.222,,57.2931,,64.4093,,59.9859
313,,54.1763,,62.5961,,61.6346,,64.0274,,103.276,,96.1299,,101.521,,95.3996,,61.222,,57.2931,,64.4093,,59.9859
314,,54.4136,,62.6946,,61.5587,,64.0784,,103.276,,96.1299,,101.521,,95.3996,,61.222,,57.2931,,64.4093,,59.9859
315,,54.5319,,62.697,,61.5061,,64.1334,,103.276,,96.1299,,101.521,,95.3996,,61.222,,57.2931,,64.4093,,59.9859
316,,54.7388,,62.7836,,61.4241,,64.1345,,103.276,,96.1299,,101.521,,95.3996,,61.222,,57.2931,,64.4093,,59.9859
317,,54.8985,,62.7785,,61.3837,,64.0986,,103.276,,96.1299,,101.521,,95.3996,,61.222,,57.2931,,64.4093,,59.9859
318,,56.2629,,64.1878,,63.1999,,65.7882,,103.276,,96.1299,,101.521,,95.3996,,61.222,,57.2931,,64.4093,,59.9859
319,,56.428,,64.2043,,63.1921,,65.7071,,103.276,,96.1299,,101.521,,95.3996,,61.222,,57.2931,,64.4093,,59.9859
320,,56.5646,,64.1827,,63.2519,,65.6189,,103.276,,96.1299,,101.521,,95.3996,,61.222,,57.2931,,64.4093,,59.9859
321,,56.6542,,64.1667,,63.2964,,65.5425,,103.276,,96.1299,,101.521,,95.3996,,61.222,,57.2931,,64.4093,,59.9859
322,,56.8083,,64.1865,,63.3599,,65.4716,,103.276,,96.1299,,101.521,,95.3996,,61.222,,57.2931,,64.4093,,59.9859
323,,56.9249,,64.1688,,63.4228,,65.4036,,103.276,,96.1299,,101.521,,95.3996,,61.222,,57.2931,,64.4093,,59.9859
324,,58.135,,65.4833,,65.3709,,67.0743,,103.276,,96.1299,,101.521,,95.3996,,61.222,,57.2931,,64.4093,,59.9859
325,,58.2414,,65.5268,,65.3714,,67.0651,,103.276,,96.1299,,101.521,,95.3996,,61.222,,57.2931,,64.4093,,59.9859
326,,58.3222,,65.5603,,65.329,,67.0768,,103.276,,96.1299,,101.521,,95.3996,,61.222,,57.2931,,64.4093,,59.9859
327,,58.2238,,65.4929,,65.3404,,67.1124,,103.276,,96.1299,,101.521,,95.3996,,61.222,,57.2931,,64.4093,,59.9859
328,,58.2801,,65.5172,,65.3483,,67.1716,,103.276,,96.1299,,101.521,,95.3996,,61.222,,57.2931,,64.4093,,59.9859
329,,58.1779,,65.4328,,65.3955,,67.2479,,103.276,,96.1299,,101.521,,95.3996,,61.222,,57.2931,,64.4093,,59.9859
330,,59.6228,,66.9249,,67.2683,,69.0915,,103.276,,96.1299,,101.521,,95.3996,,61.222,,57.2931,,64.4093,,59.9859
331,,59.476,,66.8186,,67.2559,,69.1802,,103.276,,96.1299,,101.521,,95.3996,,61.222,,57.2931,,64.4093,,59.9859
332,,59.485,,66.8713,,67.2108,,69.2762,,103.276,,96.1299,,101.521,,95.3996,,61.222,,57.2931,,64.4093,,59.9859
333,,59.5518,,66.892,,67.168,,69.3446,,103.276,,96.1299,,101.521,,95.3996,,61.222,,57.2931,,64.4093,,59.9859
334,,59.4671,,66.855,,67.1371,,69.3913,,103.276,,96.1299,,101.521,,95.3996,,61.222,,57.2931,,64.4093,,59.9859
335,,59.5686,,66.9265,,67.0725,,69.4264,,103.276,,96.1299,,101.521,,95.3996,,61.222,,57.2931,,64.4093,,59.9859
336,,60.8466,,68.3121,,68.939,,71.2506,,103.276,,96.1299,,101.521,,95.3996,,61.222,,57.2931,,64.4093,,59.9859
337,,60.7843,,68.286,,68.9217,,71.2595,,103.276,,96.1299,,101.521,,95.3996,,61.222,,57.2931,,64.4093,,59.9859
338,,60.9335,,68.3335,,68.8997,,71.2246,,103.276,,96.1299,,101.521,,95.3996,,61.222,,57.2931,,64.4093,,59.9859
339,,60.7892,,68.2408,,68.904,,71.2297,,103.276,,96.1299,,101.521,,95.3996,,61.222,,57.2931,,64.4093,,59.9859
340,,60.7651,,68.2465,,68.9077,,71.2269,,103.276,,96.1299,,101.521,,95.3996,,61.222,,57.2931,,64.4093,,59.9859
341,,60.93,,68.2973,,68.8614,,71.2331,,103.276,,96.1299,,101.521,,95.3996,,61.222,,57.2931,,64.4093,,59.9859
342,,61.9672,,69.5625,,70.7862,,73.0494,,103.276,,96.1299,,101.521,,95.3996,,61.222,,57.2931,,64.4093,,59.9859
343,,62.0254,,69.6463,,70.7363,,73.1209,,103.276,,96.1299,,101.521,,95.3996,,61.222,,57.2931,,64.4093,,59.9859
344,,61.8815,,69.5476,,70.7591,,73.166,,103.276,,96.1299,,101.521,,95.3996,,61.222,,57.2931,,64.4093,,59.9859
345,,61.8938,,69.6079,,70.6997,,73.2499,,103.276,,96.1299,,101.521,,95.3996,,61.222,,57.2931,,64.4093,,59.9859
346,,61.9397,,69.6128,,70.6947,,73.282,,103.276,,96.1299,,101.521,,95.3996,,61.222,,57.2931,,64.4093,,59.9859
347,,61.7826,,69.5601,,70.6399,,73.3392,,103.276,,96.1299,,101.521,,95.3996,,61.222,,57.2931,,64.4093,,59.9859
348,,61.9228,,69.6275,,70.5838,,73.2824,,103.276,,96.1299,,101.521,,95.3996,,61.222,,57.2931,,64.4093,,59.9859
349,,63.1007,,71.0298,,72.4591,,75.2047,,103.276,,96.1299,,101.521,,95.3996,,61.222,,57.2931,,64.4093,,59.9859
350,,63.2086,,71.0751,,72.4606,,75.1471,,103.276,,96.1299,,101.521,,95.3996,,61.222,,57.2931,,64.4093,,59.9859
351,,63.1885,,70.9847,,72.439,,75.1251,,103.276,,96.1299,,101.521,,95.3996,,61.222,,57.2931,,64.4093,,59.9859
352,,63.3207,,71.023,,72.4449,,75.0025,,103.276,,96.1299,,101.521,,95.3996,,61.222,,57.2931,,64.4093,,59.9859
353,,63.3638,,71.0061,,72.3886,,74.9603,,103.276,,96.1299,,101.521,,95.3996,,61.222,,57.2931,,64.4093,,59.9859
354,,63.4447,,70.9768,,72.4526,,74.8168,,103.276,,96.1299,,101.521,,95.3996,,61.222,,57.2931,,64.4093,,59.9859
355,,64.8824,,72.4124,,74.3478,,76.5644,,103.276,,96.1299,,101.521,,95.3996,,61.222,,57.2931,,64.4093,,59.9859
356,,64.9696,,72.3427,,74.4747,,76.4062,,103.276,,96.1299,,101.521,,95.3996,,61.222,,57.2931,,64.4093,,59.9859
357,,65.0071,,72.2986,,74.4951,,76.3159,,103.276,,96.1299,,101.521,,95.3996,,61.222,,57.2931,,64.4093,,59.9859
358,,65.1391,,72.2735,,74.6193,,76.1851,,103.276,,96.1299,,101.521,,95.3996,,61.222,,57.2931,,64.4093,,59.9859
359,,65.1796,,72.2,,74.6739,,76.1203,,103.276,,96.1299,,101.521,,95.3996,,61.222,,57.2931,,64.4093,,59.9859
360,,65.1552,,72.1521,,74.7736,,76.0501,,103.276,,96.1299,,101.521,,95.3996,,61.222,,57.2931,,64.4093,,59.9859
361,,66.6279,,73.5978,,76.7364,,77.866,,103.276,,96.1299,,101.521,,95.3996,,61.222,,57.2931,,64.4093,,59.9859
362,,66.5136,,73.4957,,76.7853,,77.853,,103.276,,96.1299,,101.521,,95.3996,,61.222,,57.2931,,64.4093,,59.9859
363,,66.3434,,73.4647,,76.7281,,77.9573,,103.276,,96.1299,,101.521,,95.3996,,61.222,,57.2931,,64.4093,,59.9859
364,,66.463,,73.527,,76.707,,78.0127,,103.276,,96.1299,,101.521,,95.3996,,61.222,,57.2931,,64.4093,,59.9859
365,,66.2083,,73.4342,,76.639,,78.1497,,103.276,,96.1299,,101.521,,95.3996,,61.222,,57.2931,,64.4093,,59.9859
366,,66.1689,,73.4914,,76.6056,,78.2611,,103.276,,96.1299,,101.521,,95.3996,,61.222,,57.2931,,64.4093,,59.9859
367,,67.3656,,74.9077,,78.4723,,80.2722,,103.276,,96.1299,,101.521,,95.3996,,61.222,,57.2931,,64.4093,,59.9859
368,,67.3215,,74.9681,,78.411,,80.3829,,103.276,,96.1299,,101.521,,95.3996,,61.222,,57.2931,,64.4093,,59.9859
369,,67.2906,,74.9836,,78.3229,,80.4825,,103.276,,96.1299,,101.521,,95.3996,,61.222,,57.2931,,64.4093,,59.9859
370,,67.2225,,74.9965,,78.2791,,80.5406,,103.276,,96.1299,,101.521,,95.3996,,61.222,,57.2931,,64.4093,,59.9859
371,,67.2263,,75.0439,,78.1923,,80.5953,,103.276,,96.1299,,101.521,,95.3996,,61.222,,57.2931,,64.4093,,59.9859
372,,67.1829,,75.0293,,78.185,,80.6029,,103.276,,96.1299,,101.521,,95.3996,,61.222,,57.2931,,64.4093,,59.9859
373,,68.5552,,76.5312,,80.097,,82.5062,,103.276,,96.1299,,101.521,,95.3996,,61.222,,57.2931,,64.4093,,59.9859
374,,68.6062,,76.5201,,80.1132,,82.4792,,103.276,,96.1299,,101.521,,95.3996,,61.222,,57.2931,,64.4093,,59.9859
375,,68.4853,,76.4606,,80.0944,,82.4904,,103.276,,96.1299,,101.521,,95.3996,,61.222,,57.2931,,64.4093,,59.9859
376,,68.5278,,76.497,,80.0918,,82.4895,,103.276,,96.1299,,101.521,,95.3996,,61.222,,57.2931,,64.4093,,59.9859
377,,68.5042,,76.4587,,80.08,,82.4915,,103.276,,96.1299,,101.521,,95.3996,,61.222,,57.2931,,64.4093,,59.9859
378,,68.3483,,76.4111,,80.0933,,82.5172,,103.276,,96.1299,,101.521,,95.3996,,61.222,,57.2931,,64.4093,,59.9859
379,,69.7779,,77.9612,,81.994,,84.4862,,103.276,,96.1299,,101.521,,95.3996,,61.222,,57.2931,,64.4093,,59.9859
380,,69.5526,,77.8569,,82.0191,,84.5379,,103.276,,96.1299,,101.521,,95.3996,,61.222,,57.2931,,64.4093,,59.9859
381,,69.558,,77.9421,,81.9557,,84.6346,,103.276,,96.1299,,101.521,,95.3996,,61.222,,57.2931,,64.4093,,59.9859
382,,69.5019,,77.9145,,81.9541,,84.6682,,103.276,,96.1299,,101.521,,95.3996,,61.222,,57.2931,,64.4093,,59.9859
383,,69.4448,,77.9358,,81.9049,,84.7186,,103.276,,96.1299,,101.521,,95.3996,,61.222,,57.2931,,64.4093,,59.9859
384,,69.5076,,77.9569,,81.9066,,84.717,,103.276,,96.1299,,101.521,,95.3996,,61.222,,57.2931,,64.4093,,59.9859
385,,70.8197,,79.4283,,83.8233,,86.6568,,103.276,,96.1299,,101.521,,95.3996,,61.222,,57.2931,,64.4093,,59.9859
386,,70.811,,79.4179,,83.8336,,86.6382,,103.276,,96.1299,,101.521,,95.3996,,61.222,,57.2931,,64.4093,,59.9859
387,,70.881,,79.4164,,83.8303,,86.6119,,103.276,,96.1299,,101.521,,95.3996,,61.222,,57.2931,,64.4093,,59.9859
388,,70.7222,,79.3223,,83.8669,,86.5946,,103.276,,96.1299,,101.521,,95.3996,,61.222,,57.2931,,64.4093,,59.9859
389,,70.7977,,79.3762,,83.8442,,86.6096,,103.276,,96.1299,,101.521,,95.3996,,61.222,,57.2931,,64.4093,,59.9859
390,,70.745,,79.3091,,83.8572,,86.6099,,103.276,,96.1299,,101.521,,95.3996,,61.222,,57.2931,,64.4093,,59.9859
391,,70.6611,,79.3078,,83.8284,,86.6538,,103.276,,96.1299,,101.521,,95.3996,,61.222,,57.2931,,64.4093,,59.9859
392,,72.1423,,80.8509,,85.8023,,88.5694,,103.276,,96.1299,,101.521,,95.3996,,61.222,,57.2931,,64.4093,,59.9859
393,,71.9572,,80.7511,,85.7795,,88.5909,,103.276,,96.1299,,101.521,,95.3996,,61.222,,57.2931,,64.4093,,59.9859
394,,71.9868,,80.7949,,85.779,,88.5928,,103.276,,96.1299,,101.521,,95.3996,,61.222,,57.2931,,64.4093,,59.9859
395,,72.0008,,80.7615,,85.741,,88.6055,,103.276,,96.1299,,101.521,,95.3996,,61.222,,57.2931,,64.4093,,59.9859
396,,71.8924,,80.7258,,85.7432,,88.6065,,103.276,,96.1299,,101.521,,95.3996,,61.222,,57.2931,,64.4093,,59.9859
397,,71.9715,,80.7622,,85.7062,,88.6243,,103.276,,96.1299,,101.521,,95.3996,,61.222,,57.2931,,64.4093,,59.9859
398,,73.2099,,82.2018,,87.6961,,90.5656,,103.276,,96.1299,,101.521,,95.3996,,61.222,,57.2931,,64.4093,,59.9859
399,,72.4733,,81.3516,,83.4949,,86.5972,,85.4924,,78.0057,,95.5762,,89.0912,,58.5388,,54.5444,,68.129,,63.546
400,,72.5776,,81.3399,,83.5185,,86.5643,,85.4924,,78.0057,,95.5762,,89.0912,,58.5388,,54.5444,,68.129,,63.546
401,,73.1201,,82.1484,,87.6558,,90.5926,,103.276,,96.1299,,101.521,,95.3996,,61.222,,57.2931,,64.4093,,59.9859
402,,73.2426,,82.2116,,87.6575,,90.5761,,103.276,,96.1299,,101.521,,95.3996,,61.222,,57.2931,,64.4093,,59.9859
403,,73.1582,,82.1203,,87.6504,,90.574,,103.276,,96.1299,,101.521,,95.3996,,61.222,,57.2931,,64.4093,,59.9859
404,,74.4999,,83.6444,,89.6401,,92.5168,,103.276,,96.1299,,101.521,,95.3996,,61.222,,57.2931,,64.4093,,59.9859
405,,74.6108,,83.6459,,89.6108,,92.5005,,103.276,,96.1299,,101.521,,95.3996,,61.222,,57.2931,,64.4093,,59.9859
406,,74.4989,,83.5589,,89.6415,,92.4789,,103.276,,96.1299,,101.521,,95.3996,,61.222,,57.2931,,64.4093,,59.9859
407,,74.5101,,83.5759,,89.6229,,92.5044,,103.276,,96.1299,,101.521,,95.3996,,61.222,,57.2931,,64.4093,,59.9859
408,,74.5859,,83.5631,,89.6675,,92.452,,103.276,,96.1299,,101.521,,95.3996,,61.222,,57.2931,,64.4093,,59.9859
409,,74.4598,,83.5006,,89.649,,92.4653,,103.276,,96.1299,,101.521,,95.3996,,61.222,,57.2931,,64.4093,,59.9859
410,,75.9471,,85.0549,,91.6448,,94.4024,,103.276,,96.1299,,101.521,,95.3996,,61.222,,57.2931,,64.4093,,59.9859
411,,75.736,,84.9484,,91.5963,,94.4505,,103.276,,96.1299,,101.521,,95.3996,,61.222,,57.2931,,64.4093,,59.9859
412,,75.7816,,85.007,,91.5709,,94.4629,,103.276,,96.1299,,101.521,,95.3996,,61.222,,57.2931,,64.4093,,59.9859
413,,75.7875,,84.9553,,91.5388,,94.4592,,103.276,,96.1299,,101.521,,95.3996,,61.222,,57.2931,,64.4093,,59.9859
414,,75.6902,,84.9142,,91.5583,,94.4471,,103.276,,96.1299,,101.521,,95.3996,,61.222,,57.2931,,64.4093,,59.9859
415,,75.8153,,84.954,,91.5272,,94.4443,,103.276,,96.1299,,101.521,,95.3996,,61.222,,57.2931,,64.4093,,59.9859
416,,77.1034,,86.39,,93.5449,,96.399,,103.276,,96.1299,,101.521,,95.3996,,61.222,,57.2931,,64.4093,,59.9859
417,,77.1054,,86.4124,,93.521,,96.4193,,103.276,,96.1299,,101.521,,95.3996,,61.222,,57.2931,,64.4093,,59.9859
418,,77.2425,,86.3955,,93.5855,,96.3374,,103.276,,96.1299,,101.521,,95.3996,,61.222,,57.2931,,64.4093,,59.9859
419,,77.102,,86.3059,,93.5855,,96.3287,,103.276,,96.1299,,101.521,,95.3996,,61.222,,57.2931,,64.4093,,59.9859
420,,77.1961,,86.3248,,93.6199,,96.2872,,103.276,,96.1299,,101.521,,95.3996,,61.222,,57.2931,,64.4093,,59.9859
421,,77.133,,86.2539,,93.5864,,96.3015,,103.276,,96.1299,,101.521,,95.3996,,61.222,,57.2931,,64.4093,,59.9859
422,,78.4641,,87.7705,,95.5802,,98.2775,,103.276,,96.1299,,101.521,,95.3996,,61.222,,57.2931,,64.4093,,59.9859
423,,78.535,,87.7744,,95.5293,,98.2841,,103.276,,96.1299,,101.521,,95.3996,,61.222,,57.2931,,64.4093,,59.9859
424,,78.3255,,87.6803,,95.5433,,98.2989,,103.276,,96.1299,,101.521,,95.3996,,61.222,,57.2931,,64.4093,,59.9859
425,,78.4236,,87.7539,,95.5054,,98.3281,,103.276,,96.1299,,101.521,,95.3996,,61.222,,57.2931,,64.4093,,59.9859
426,,78.4143,,87.6804,,95.5365,,98.3053,,103.276,,96.1299,,101.521,,95.3996,,61.222,,57.2931,,64.4093,,59.9859
427,,78.3287,,87.676,,95.5104,,98.3368,,103.276,,96.1299,,101.521,,95.3996,,61.222,,57.2931,,64.4093,,59.9859
428,,79.8862,,89.2235,,97.5508,,100.258,,103.276,,96.1299,,101.521,,95.3996,,61.222,,57.2931,,64.4093,,59.9859
429,,79.779,,89.1256,,97.5546,,100.24,,103.276,,96.1299,,101.521,,95.3996,,61.222,,57.2931,,64.4093,,59.9859
430,,79.7686,,89.1112,,97.5919,,100.209,,103.276,,96.1299,,101.521,,95.3996,,61.222,,57.2931,,64.4093,,59.9859
431,,79.0543,,88.221,,93.6278,,96.3889,,85.4924,,78.0057,,95.5762,,89.0912,,58.5388,,54.5444,,68.129,,63.546
432,,79.1404,,88.2773,,93.5801,,96.4283,,85.4924,,78.0057,,95.5762,,89.0912,,58.5388,,54.5444,,68.129,,63.546
433,,79.7666,,89.0641,,97.5177,,100.231,,103.276,,96.1299,,101.521,,95.3996,,61.222,,57.2931,,64.4093,,59.9859
434,,80.9989,,90.4968,,99.5504,,102.223,,103.276,,96.1299,,101.521,,95.3996,,61.222,,57.2931,,64.4093,,59.9859
435,,81.0285,,90.5601,,99.4968,,102.264,,103.276,,96.1299,,101.521,,95.3996,,61.222,,57.2931,,64.4093,,59.9859
436,,81.0794,,90.509,,99.5156,,102.226,,103.276,,96.1299,,101.521,,95.3996,,61.222,,57.2931,,64.4093,,59.9859
437,,81.0106,,90.4851,,99.4842,,102.24,,103.276,,96.1299,,101.521,,95.3996,,61.222,,57.2931,,64.4093,,59.9859
438,,80.5486,,89.712,,95.6366,,98.3975,,85.4924,,78.0057,,95.5762,,89.0912,,58.5388,,54.5444,,68.129,,63.546
439,,81.9829,,91.1874,,97.7107,,100.37,,85.4924,,78.0057,,95.5762,,89.0912,,58.5388,,54.5444,,68.129,,63.546
440,,82.5101,,91.8635,,101.629,,104.047,,103.276,,96.1299,,101.521,,95.3996,,61.222,,57.2931,,64.4093,,59.9859
441,,82.63,,91.8736,,101.587,,104.032,,103.276,,96.1299,,101.521,,95.3996,,61.222,,57.2931,,64.4093,,59.9859
442,,82.4465,,91.7399,,101.624,,104.021,,103.276,,96.1299,,101.521,,95.3996,,61.222,,57.2931,,64.4093,,59.9859
443,,82.4864,,91.7938,,101.56,,104.071,,103.276,,96.1299,,101.521,,95.3996,,61.222,,57.2931,,64.4093,,59.9859
444,,82.4658,,91.7092,,101.601,,104.036,,103.276,,96.1299,,101.521,,95.3996,,61.222,,57.2931,,64.4093,,59.9859
445,,83.3607,,92.4764,,99.7797,,102.31,,85.4924,,78.0057,,95.5762,,89.0912,,58.5388,,54.5444,,68.129,,63.546
446,,83.1981,,92.4086,,99.7092,,102.36,,85.4924,,78.0057,,95.5762,,89.0912,,58.5388,,54.5444,,68.129,,63.546
447,,83.2509,,92.4035,,99.7179,,102.335,,85.4924,,78.0057,,95.5762,,89.0912,,58.5388,,54.5444,,68.129,,63.546
448,,83.2721,,92.3498,,99.6758,,102.322,,85.4924,,78.0057,,95.5762,,89.0912,,58.5388,,54.5444,,68.129,,63.546
449,,83.1025,,92.2577,,99.6947,,102.315,,85.4924,,78.0057,,95.5762,,89.0912,,58.5388,,54.5444,,68.129,,63.546
450,,83.2253,,92.3051,,99.6385,,102.34,,85.4924,,78.0057,,95.5762,,89.0912,,58.5388,,54.5444,,68.129,,63.546
451,,84.4733,,93.7256,,101.714,,104.377,,85.4924,,78.0057,,95.5762,,89.0912,,58.5388,,54.5444,,68.129,,63.546
452,,84.4681,,93.7905,,101.624,,104.444,,85.4924,,78.0057,,95.5762,,89.0912,,58.5388,,54.5444,,68.129,,63.546
453,,84.5648,,93.7141,,101.688,,104.354,,85.4924,,78.0057,,95.5762,,89.0912,,58.5388,,54.5444,,68.129,,63.546
454,,84.4517,,93.6664,,101.65,,104.367,,85.4924,,78.0057,,95.5762,,89.0912,,58.5388,,54.5444,,68.129,,63.546
455,,84.5707,,93.6247,,101.714,,104.288,,85.4924,,78.0057,,95.5762,,89.0912,,58.5388,,54.5444,,68.129,,63.546
456,,84.5131,,93.5564,,101.666,,104.302,,85.4924,,78.0057,,95.5762,,89.0912,,58.5388,,54.5444,,68.129,,63.546
457,,85.9032,,95.0499,,103.749,,106.308,,85.4924,,78.0057,,95.5762,,89.0912,,58.5388,,54.5444,,68.129,,63.546
458,,85.9703,,95.0284,,103.693,,106.306,,85.4924,,78.0057,,95.5762,,89.0912,,58.5388,,54.5444,,68.129,,63.546
459,,85.734,,94.8991,,103.707,,106.313,,85.4924,,78.0057,,95.5762,,89.0912,,58.5388,,54.5444,,68.129,,63.546
460,,85.8386,,94.967,,103.64,,106.352,,85.4924,,78.0057,,95.5762,,89.0912,,58.5388,,54.5444,,68.129,,63.546
461,,85.7658,,94.8304,,103.685,,106.317,,85.4924,,78.0057,,95.5762,,89.0912,,58.5388,,54.5444,,68.129,,63.546
462,,85.7219,,94.8595,,103.622,,106.365,,85.4924,,78.0057,,95.5762,,89.0912,,58.5388,,54.5444,,68.129,,63.546
463,,87.3165,,96.3467,,105.764,,108.301,,85.4924,,78.0057,,95.5762,,89.0912,,58.5388,,54.5444,,68.129,,63.546
464,,87.2125,,96.2648,,105.745,,108.295,,85.4924,,78.0057,,95.5762,,89.0912,,58.5388,,54.5444,,68.129,,63.546
465,,87.2622,,96.2027,,105.814,,108.221,,85.4924,,78.0057,,95.5762,,89.0912,,58.5388,,54.5444,,68.129,,63.546
466,,87.3029,,96.161,,105.753,,108.224,,85.4924,,78.0057,,95.5762,,89.0912,,58.5388,,54.5444,,68.129,,63.546
467,,87.1569,,96.0481,,105.781,,108.201,,85.4924,,78.0057,,95.5762,,89.0912,,58.5388,,54.5444,,68.129,,63.546
468,,87.233,,96.0721,,105.713,,108.237,,85.4924,,78.0057,,95.5762,,89.0912,,58.5388,,54.5444,,68.129,,63.546
469,,87.7411,,96.7616,,109.418,,111.844,,103.276,,96.1299,,101.521,,95.3996,,61.222,,57.2931,,64.4093,,59.9859
470,,87.5227,,96.6244,,109.448,,111.855,,103.276,,96.1299,,101.521,,95.3996,,61.222,,57.2931,,64.4093,,59.9859
471,,89.0155,,98.243,,111.393,,113.915,,103.276,,96.1299,,101.521,,95.3996,,61.222,,57.2931,,64.4093,,59.9859
472,,89.0123,,98.1249,,111.429,,113.863,,103.276,,96.1299,,101.521,,95.3996,,61.222,,57.2931,,64.4093,,59.9859
473,,88.9316,,98.1222,,111.375,,113.899,,103.276,,96.1299,,101.521,,95.3996,,61.222,,57.2931,,64.4093,,59.9859
474,,89.0778,,98.0723,,111.441,,113.809,,103.276,,96.1299,,101.521,,95.3996,,61.222,,57.2931,,64.4093,,59.9859
475,,89.0269,,97.9939,,111.433,,113.788,,103.276,,96.1299,,101.521,,95.3996,,61.222,,57.2931,,64.4093,,59.9859
476,,89.0029,,97.9241,,111.495,,113.737,,103.276,,96.1299,,101.521,,95.3996,,61.222,,57.2931,,64.4093,,59.9859
477,,90.5106,,99.4584,,113.453,,115.765,,103.276,,96.1299,,101.521,,95.3996,,61.222,,57.2931,,64.4093,,59.9859
478,,90.3178,,99.322,,113.491,,115.757,,103.276,,96.1299,,101.521,,95.3996,,61.222,,57.2931,,64.4093,,59.9859
479,,89.7159,,98.5788,,109.783,,112.262,,85.4924,,78.0057,,95.5762,,89.0912,,58.5388,,54.5444,,68.129,,63.546
480,,89.7574,,98.6562,,109.7,,112.31,,85.4924,,78.0057,,95.5762,,89.0912,,58.5388,,54.5444,,68.129,,63.546
481,,89.8055,,98.55,,109.749,,112.236,,85.4924,,78.0057,,95.5762,,89.0912,,58.5388,,54.5444,,68.129,,63.546
482,,91.1595,,100.094,,111.756,,114.328,,85.4924,,78.0057,,95.5762,,89.0912,,58.5388,,54.5444,,68.129,,63.546
483,,91.2851,,100.033,,111.831,,114.234,,85.4924,,78.0057,,95.5762,,89.0912,,58.5388,,54.5444,,68.129,,63.546
484,,91.2753,,99.9684,,111.822,,114.207,,85.4924,,78.0057,,95.5762,,89.0912,,58.5388,,54.5444,,68.129,,63.546
485,,91.189,,99.8686,,111.888,,114.157,,85.4924,,78.0057,,95.5762,,89.0912,,58.5388,,54.5444,,68.129,,63.546
486,,91.2838,,99.8933,,111.808,,114.184,,85.4924,,78.0057,,95.5762,,89.0912,,58.5388,,54.5444,,68.129,,63.546
487,,91.0703,,99.7499,,111.837,,114.184,,85.4924,,78.0057,,95.5762,,89.0912,,58.5388,,54.5444,,68.129,,63.546
488,,92.5539,,101.378,,113.801,,116.313,,85.4924,,78.0057,,95.5762,,89.0912,,58.5388,,54.5444,,68.129,,63.546
489,,92.4654,,101.233,,113.862,,116.266,,85.4924,,78.0057,,95.5762,,89.0912,,58.5388,,54.5444,,68.129,,63.546
490,,92.4743,,101.281,,113.796,,116.298,,85.4924,,78.0057,,95.5762,,89.0912,,58.5388,,54.5444,,68.129,,63.546
491,,92.5495,,101.173,,113.863,,116.206,,85.4924,,78.0057,,95.5762,,89.0912,,58.5388,,54.5444,,68.129,,63.546
492,,92.4458,,101.152,,113.794,,116.253,,85.4924,,78.0057,,95.5762,,89.0912,,58.5388,,54.5444,,68.129,,63.546
493,,92.5389,,101.091,,113.858,,116.174,,85.4924,,78.0057,,95.5762,,89.0912,,58.5388,,54.5444,,68.129,,63.546
494,,93.9879,,102.583,,115.904,,118.213,,85.4924,,78.0057,,95.5762,,89.0912,,58.5388,,54.5444,,68.129,,63.546
495,,94.4117,,103.202,,119.448,,121.682,,103.276,,96.1299,,101.521,,95.3996,,61.222,,57.2931,,64.4093,,59.9859
496,,93.9436,,102.512,,115.869,,118.218,,85.4924,,78.0057,,95.5762,,89.0912,,58.5388,,54.5444,,68.129,,63.546
497,,93.7255,,102.358,,115.9,,118.22,,85.4924,,78.0057,,95.5762,,89.0912,,58.5388,,54.5444,,68.129,,63.546
498,,93.7324,,102.446,,115.772,,118.31,,85.4924,,78.0057,,95.5762,,89.0912,,58.5388,,54.5444,,68.129,,63.546
499,,93.7036,,102.307,,115.852,,118.236,,85.4924,,78.0057,,95.5762,,89.0912,,58.5388,,54.5444,,68.129,,63.546
500,,95.1182,,103.885,,117.864,,120.327,,85.4924,,78.0057,,95.5762,,89.0912,,58.5388,,54.5444,,68.129,,63.546
501,,95.1988,,103.783,,117.935,,120.231,,85.4924,,78.0057,,95.5762,,89.0912,,58.5388,,54.5444,,68.129,,63.546
502,,95.0706,,103.753,,117.859,,120.287,,85.4924,,78.0057,,95.5762,,89.0912,,58.5388,,54.5444,,68.129,,63.546
503,,95.1471,,103.688,,117.922,,120.209,,85.4924,,78.0057,,95.5762,,89.0912,,58.5388,,54.5444,,68.129,,63.546
504,,95.1277,,103.635,,117.873,,120.206,,85.4924,,78.0057,,95.5762,,89.0912,,58.5388,,54.5444,,68.129,,63.546
505,,95.0046,,103.534,,117.933,,120.171,,85.4924,,78.0057,,95.5762,,89.0912,,58.5388,,54.5444,,68.129,,63.546
506,,96.5285,,105.121,,119.914,,122.276,,85.4924,,78.0057,,95.5762,,89.0912,,58.5388,,54.5444,,68.129,,63.546
507,,96.3272,,104.971,,119.958,,122.267,,85.4924,,78.0057,,95.5762,,89.0912,,58.5388,,54.5444,,68.129,,63.546
508,,96.3111,,105.057,,119.826,,122.356,,85.4924,,78.0057,,95.5762,,89.0912,,58.5388,,54.5444,,68.129,,63.546
509,,96.7112,,105.648,,123.323,,125.769,,103.276,,96.1299,,101.521,,95.3996,,61.222,,57.2931,,64.4093,,59.9859
510,,96.6922,,105.513,,123.41,,125.689,,103.276,,96.1299,,101.521,,95.3996,,61.222,,57.2931,,64.4093,,59.9859
511,,96.6343,,105.529,,123.351,,125.717,,103.276,,96.1299,,101.521,,95.3996,,61.222,,57.2931,,64.4093,,59.9859
512,,96.7125,,105.443,,123.42,,125.63,,103.276,,96.1299,,101.521,,95.3996,,61.222,,57.2931,,64.4093,,59.9859
513,,97.9996,,106.932,,125.402,,127.726,,103.276,,96.1299,,101.521,,95.3996,,61.222,,57.2931,,64.4093,,59.9859
514,,98.0805,,106.877,,125.465,,127.647,,103.276,,96.1299,,101.521,,95.3996,,61.222,,57.2931,,64.4093,,59.9859
515,,98.0274,,106.813,,125.407,,127.649,,103.276,,96.1299,,101.521,,95.3996,,61.222,,57.2931,,64.4093,,59.9859
516,,97.9313,,106.721,,125.479,,127.606,,103.276,,96.1299,,101.521,,95.3996,,61.222,,57.2931,,64.4093,,59.9859
517,,97.4175,,106.037,,121.957,,124.242,,85.4924,,78.0057,,95.5762,,89.0912,,58.5388,,54.5444,,68.129,,63.546
518,,98.8432,,107.658,,123.912,,126.393,,85.4924,,78.0057,,95.5762,,89.0912,,58.5388,,54.5444,,68.129,,63.546
519,,98.8115,,107.519,,124.012,,126.302,,85.4924,,78.0057,,95.5762,,89.0912,,58.5388,,54.5444,,68.129,,63.546
520,,98.746,,107.545,,123.946,,126.343,,85.4924,,78.0057,,95.5762,,89.0912,,58.5388,,54.5444,,68.129,,63.546
521,,99.1194,,108.111,,127.388,,129.709,,103.276,,96.1299,,101.521,,95.3996,,61.222,,57.2931,,64.4093,,59.9859
522,,99.1819,,108.017,,127.46,,129.621,,103.276,,96.1299,,101.521,,95.3996,,61.222,,57.2931,,64.4093,,59.9859
523,,99.0039,,107.98,,127.382,,129.696,,103.276,,96.1299,,101.521,,95.3996,,61.222,,57.2931,,64.4093,,59.9859
524,,99.1044,,107.933,,127.448,,129.612,,103.276,,96.1299,,101.521,,95.3996,,61.222,,57.2931,,64.4093,,59.9859
525,,100.455,,109.389,,129.452,,131.667,,103.276,,96.1299,,101.521,,95.3996,,61.222,,57.2931,,64.4093,,59.9859
526,,100.417,,109.314,,129.538,,131.602,,103.276,,96.1299,,101.521,,95.3996,,61.222,,57.2931,,64.4093,,59.9859
527,,100.433,,109.327,,129.418,,131.643,,103.276,,96.1299,,101.521,,95.3996,,61.222,,57.2931,,64.4093,,59.9859
528,,100.29,,109.206,,129.483,,131.617,,103.276,,96.1299,,101.521,,95.3996,,61.222,,57.2931,,64.4093,,59.9859
529,,100.26,,109.266,,129.357,,131.695,,103.276,,96.1299,,101.521,,95.3996,,61.222,,57.2931,,64.4093,,59.9859
530,,100.196,,109.139,,129.455,,131.626,,103.276,,96.1299,,101.521,,95.3996,,61.222,,57.2931,,64.4093,,59.9859
531,,101.593,,110.703,,131.446,,133.709,,103.276,,96.1299,,101.521,,95.3996,,61.222,,57.2931,,64.4093,,59.9859
532,,101.627,,110.601,,131.515,,133.626,,103.276,,96.1299,,101.521,,95.3996,,61.222,,57.2931,,64.4093,,59.9859
533,,101.424,,110.58,,131.425,,133.72,,103.276,,96.1299,,101.521,,95.3996,,61.222,,57.2931,,64.4093,,59.9859
534,,101.532,,110.502,,131.502,,133.612,,103.276,,96.1299,,101.521,,95.3996,,61.222,,57.2931,,64.4093,,59.9859
535,,101.354,,110.452,,131.422,,133.683,,103.276,,96.1299,,101.521,,95.3996,,61.222,,57.2931,,64.4093,,59.9859
536,,101.394,,110.398,,131.494,,133.601,,103.276,,96.1299,,101.521,,95.3996,,61.222,,57.2931,,64.4093,,59.9859
537,,102.784,,111.904,,133.439,,135.689,,103.276,,96.1299,,101.521,,95.3996,,61.222,,57.2931,,64.4093,,59.9859
538,,102.714,,111.814,,133.513,,135.637,,103.276,,96.1299,,101.521,,95.3996,,61.222,,57.2931,,64.4093,,59.9859
539,,102.696,,111.845,,133.397,,135.688,,103.276,,96.1299,,101.521,,95.3996,,61.222,,57.2931,,64.4093,,59.9859
540,,102.586,,111.72,,133.497,,135.63,,103.276,,96.1299,,101.521,,95.3996,,61.222,,57.2931,,64.4093,,59.9859
541,,102.569,,111.774,,133.406,,135.679,,103.276,,96.1299,,101.521,,95.3996,,61.222,,57.2931,,64.4093,,59.9859
542,,102.571,,111.662,,133.485,,135.604,,103.276,,96.1299,,101.521,,95.3996,,61.222,,57.2931,,64.4093,,59.9859
543,,102.376,,111.669,,133.394,,135.707,,103.276,,96.1299,,101.521,,95.3996,,61.222,,57.2931,,64.4093,,59.9859
544,,103.934,,113.097,,135.567,,137.625,,103.276,,96.1299,,101.521,,95.3996,,61.222,,57.2931,,64.4093,,59.9859
545,,103.689,,113.067,,135.484,,137.742,,103.276,,96.1299,,101.521,,95.3996,,61.222,,57.2931,,64.4093,,59.9859
546,,103.793,,112.994,,135.554,,137.621,,103.276,,96.1299,,101.521,,95.3996,,61.222,,57.2931,,64.4093,,59.9859
547,,103.587,,112.97,,135.415,,137.735,,103.276,,96.1299,,101.521,,95.3996,,61.222,,57.2931,,64.4093,,59.9859
548,,103.661,,112.929,,135.472,,137.648,,103.276,,96.1299,,101.521,,95.3996,,61.222,,57.2931,,64.4093,,59.9859
549,,103.607,,112.901,,135.372,,137.669,,103.276,,96.1299,,101.521,,95.3996,,61.222,,57.2931,,64.4093,,59.9859
550,,105.035,,114.357,,137.556,,139.627,,103.276,,96.1299,,101.521,,95.3996,,61.222,,57.2931,,64.4093,,59.9859
551,,105.064,,114.384,,137.469,,139.651,,103.276,,96.1299,,101.521,,95.3996,,61.222,,57.2931,,64.4093,,59.9859
552,,105.058,,114.286,,137.572,,139.576,,103.276,,96.1299,,101.521,,95.3996,,61.222,,57.2931,,64.4093,,59.9859
553,,104.945,,114.307,,137.482,,139.667,,103.276,,96.1299,,101.521,,95.3996,,61.222,,57.2931,,64.4093,,59.9859
554,,105.051,,114.201,,137.609,,139.533,,103.276,,96.1299,,101.521,,95.3996,,61.222,,57.2931,,64.4093,,59.9859
555,,104.817,,114.19,,137.513,,139.662,,103.276,,96.1299,,101.521,,95.3996,,61.222,,57.2931,,64.4093,,59.9859
556,,106.343,,115.639,,139.654,,141.638,,103.276,,96.1299,,101.521,,95.3996,,61.222,,57.2931,,64.4093,,59.9859
557,,105.836,,114.995,,136.293,,138.419,,85.4924,,78.0057,,95.5762,,89.0912,,58.5388,,54.5444,,68.129,,63.546
558,,105.565,,114.989,,136.113,,138.564,,85.4924,,78.0057,,95.5762,,89.0912,,58.5388,,54.5444,,68.129,,63.546
559,,105.62,,114.978,,136.157,,138.483,,85.4924,,78.0057,,95.5762,,89.0912,,58.5388,,54.5444,,68.129,,63.546
560,,105.906,,115.474,,139.448,,141.719,,103.276,,96.1299,,101.521,,95.3996,,61.222,,57.2931,,64.4093,,59.9859
561,,107.103,,116.447,,138.28,,140.455,,85.4924,,78.0057,,95.5762,,89.0912,,58.5388,,54.5444,,68.129,,63.546
562,LEFT_LAT_PTERYGOID_SUP,RIGHT_LAT_PTERYGOID_SUP,LEFT_LAT_PTERYGOID_INF,RIGHT_LAT_PTERYGOID_INF,LEFT_MEDIAL_PTERYGOID,RIGHT_MEDIAL_PTERYGOID,LEFT_MASSETER_SUP,RIGHT_MASSETER_SUP,LEFT_MASSETER_DEEP,RIGHT_MASSETER_DEEP
562,,107.365,,116.937,,141.535,,143.678,,103.276,,96.1299,,101.521,,95.3996,,61.222,,57.2931
563,LEFT_LAT_PTERYGOID_SUP,RIGHT_LAT_PTERYGOID_SUP,LEFT_LAT_PTERYGOID_INF,RIGHT_LAT_PTERYGOID_INF,LEFT_MEDIAL_PTERYGOID,RIGHT_MEDIAL_PTERYGOID,LEFT_MASSETER_SUP,RIGHT_MASSETER_SUP,LEFT_MASSETER_DEEP,RIGHT_MASSETER_DEEP,LEFT_TEMPORALIS_ANT,RIGHT_TEMPORALIS_ANT
563,,107.177,,116.365,,138.367,,140.333,,85.4924,,78.0057,,95.5762,,89.0912,,58.5388,,54.5444,,68.129,,63.546
564,,107.399,,116.848,,141.575,,143.59,,103.276,,96.1299,,101.521,,95.3996,,61.222,,57.2931,,64.4093,,59.9859
565,,107.251,,116.272,,138.457,,140.252,,85.4924,,78.0057,,95.5762,,89.0912,,58.5388,,54.5444,,68.129,,63.546
566,,107.068,,116.249,,138.356,,140.368,,85.4924,,78.0057,,95.5762,,89.0912,,58.5388,,54.5444,,68.129,,63.546
567,,107.194,,116.17,,138.473,,140.254,,85.4924,,78.0057,,95.5762,,89.0912,,58.5388,,54.5444,,68.129,,63.546
568,,107.014,,116.14,,138.381,,140.361,,85.4924,,78.0057,,95.5762,,89.0912,,58.5388,,54.5444,,68.129,,63.546
569,,107.073,,116.081,,138.474,,140.283,,85.4924,,78.0057,,95.5762,,89.0912,,58.5388,,54.5444,,68.129,,63.546
570,,106.949,,116.094,,138.326,,140.404,,85.4924,,78.0057,,95.5762,,89.0912,,58.5388,,54.5444,,68.129,,63.546
571,,107.174,,116.544,,141.635,,143.606,,103.276,,96.1299,,101.521,,95.3996,,61.222,,57.2931,,64.4093,,59.9859
572,,107.117,,116.597,,141.501,,143.693,,103.276,,96.1299,,101.521,,95.3996,,61.222,,57.2931,,64.4093,,59.9859
573,,106.98,,116.529,,141.582,,143.677,,103.276,,96.1299,,101.521,,95.3996,,61.222,,57.2931,,64.4093,,59.9859
574,,106.957,,116.658,,141.424,,143.775,,103.276,,96.1299,,101.521,,95.3996,,61.222,,57.2931,,64.4093,,59.9859
575,,106.871,,116.571,,141.518,,143.733,,103.276,,96.1299,,101.521,,95.3996,,61.222,,57.2931,,64.4093,,59.9859
576,,106.78,,116.699,,141.378,,143.834,,103.276,,96.1299,,101.521,,95.3996,,61.222,,57.2931,,64.4093,,59.9859
577,,106.855,,116.616,,141.515,,143.699,,103.276,,96.1299,,101.521,,95.3996,,61.222,,57.2931,,64.4093,,59.9859
578,,106.751,,116.696,,141.445,,143.77,,103.276,,96.1299,,101.521,,95.3996,,61.222,,57.2931,,64.4093,,59.9859
579,,106.899,,116.636,,141.565,,143.64,,103.276,,96.1299,,101.521,,95.3996,,61.222,,57.2931,,64.4093,,59.9859
580,,106.7,,116.679,,141.464,,143.767,,103.276,,96.1299,,101.521,,95.3996,,61.222,,57.2931,,64.4093,,59.9859
581,,106.891,,116.64,,141.567,,143.625,,103.276,,96.1299,,101.521,,95.3996,,61.222,,57.2931,,64.4093,,59.9859
582,,106.763,,116.665,,141.474,,143.71,,103.276,,96.1299,,101.521,,95.3996,,61.222,,57.2931,,64.4093,,59.9859
583,,106.853,,116.653,,141.569,,143.621,,103.276,,96.1299,,101.521,,95.3996,,61.222,,57.2931,,64.4093,,59.9859
584,,106.875,,116.705,,141.452,,143.678,,103.276,,96.1299,,101.521,,95.3996,,61.222,,57.2931,,64.4093,,59.9859
585,,106.853,,116.669,,141.533,,143.637,,103.276,,96.1299,,101.521,,95.3996,,61.222,,57.2931,,64.4093,,59.9859
586,,106.886,,116.771,,141.413,,143.715,,103.276,,96.1299,,101.521,,95.3996,,61.222,,57.2931,,64.4093,,59.9859
587,,106.851,,116.702,,141.533,,143.659,,103.276,,96.1299,,101.521,,95.3996,,61.222,,57.2931,,64.4093,,59.9859
588,,106.858,,116.813,,141.435,,143.735,,103.276,,96.1299,,101.521,,95.3996,,61.222,,57.2931,,64.4093,,59.9859
589,,106.918,,116.752,,141.525,,143.673,,103.276,,96.1299,,101.521,,95.3996,,61.222,,57.2931,,64.4093,,59.9859
590,,106.706,,116.814,,141.399,,143.821,,103.276,,96.1299,,101.521,,95.3996,,61.222,,57.2931,,64.4093,,59.9859
591,,106.868,,116.725,,141.524,,143.677,,103.276,,96.1299,,101.521,,95.3996,,61.222,,57.2931,,64.4093,,59.9859
592,,106.607,,116.77,,141.418,,143.846,,103.276,,96.1299,,101.521,,95.3996,,61.222,,57.2931,,64.4093,,59.9859
593,,106.774,,116.719,,141.503,,143.712,,103.276,,96.1299,,101.521,,95.3996,,61.222,,57.2931,,64.4093,,59.9859
594,,106.568,,116.737,,141.378,,143.847,,103.276,,96.1299,,101.521,,95.3996,,61.222,,57.2931,,64.4093,,59.9859
595,,106.731,,116.741,,141.449,,143.739,,103.276,,96.1299,,101.521,,95.3996,,61.222,,57.2931,,64.4093,,59.9859
596,,106.708,,116.734,,141.363,,143.762,,103.276,,96.1299,,101.521,,95.3996,,61.222,,57.2931,,64.4093,,59.9859
597,,106.814,,116.718,,141.488,,143.644,,103.276,,96.1299,,101.521,,95.3996,,61.222,,57.2931,,64.4093,,59.9859
598,,106.918,,116.762,,141.423,,143.651,,103.276,,96.1299,,101.521,,95.3996,,61.222,,57.2931,,64.4093,,59.9859
599,,106.991,,116.718,,141.534,,143.566,,103.276,,96.1299,,101.521,,95.3996,,61.222,,57.2931,,64.4093,,59.9859
600,,106.989,,116.779,,141.46,,143.64,,103.276,,96.1299,,101.521,,95.3996,,61.222,,57.2931,,64.4093,,59.9859
601,,107.173,,116.725,,141.617,,143.509,,103.276,,96.1299,,101.521,,95.3996,,61.222,,57.2931,,64.4093,,59.9859
602,,107,,116.743,,141.518,,143.624,,103.276,,96.1299,,101.521,,95.3996,,61.222,,57.2931,,64.4093,,59.9859
603,,107.139,,116.693,,141.607,,143.547,,103.276,,96.1299,,101.521,,95.3996,,61.222,,57.2931,,64.4093,,59.9859
604,,106.872,,116.697,,141.477,,143.723,,103.276,,96.1299,,101.521,,95.3996,,61.222,,57.2931,,64.4093,,59.9859
605,,107.011,,116.656,,141.55,,143.62,,103.276,,96.1299,,101.521,,95.3996,,61.222,,57.2931,,64.4093,,59.9859
606,,106.827,,116.665,,141.43,,143.741,,103.276,,96.1299,,101.521,,95.3996,,61.222,,57.2931,,64.4093,,59.9859
607,,106.884,,116.655,,141.506,,143.672,,103.276,,96.1299,,101.521,,95.3996,,61.222,,57.2931,,64.4093,,59.9859
608,,106.853,,116.693,,141.384,,143.742,,103.276,,96.1299,,101.521,,95.3996,,61.222,,57.2931,,64.4093,,59.9859
609,,106.846,,116.668,,141.462,,143.691,,103.276,,96.1299,,101.521,,95.3996,,61.222,,57.2931,,64.4093,,59.9859
610,,106.851,,116.75,,141.352,,143.757,,103.276,,96.1299,,101.521,,95.3996,,61.222,,57.2931,,64.4093,,59.9859
611,,106.853,,116.694,,141.483,,143.678,,103.276,,96.1299,,101.521,,95.3996,,61.222,,57.2931,,64.4093,,59.9859
612,,106.866,,116.784,,141.41,,143.729,,103.276,,96.1299,,101.521,,95.3996,,61.222,,57.2931,,64.4093,,59.9859
613,,106.938,,116.73,,141.518,,143.652,,103.276,,96.1299,,101.521,,95.3996,,61.222,,57.2931,,64.4093,,59.9859
614,,106.752,,116.784,,141.407,,143.785,,103.276,,96.1299,,101.521,,95.3996,,61.222,,57.2931,,64.4093,,59.9859
615,,106.921,,116.706,,141.54,,143.636,,103.276,,96.1299,,101.521,,95.3996,,61.222,,57.2931,,64.4093,,59.9859
616,,106.688,,116.742,,141.451,,143.786,,103.276,,96.1299,,101.521,,95.3996,,61.222,,57.2931,,64.4093,,59.9859
617,,106.853,,116.697,,141.543,,143.66,,103.276,,96.1299,,101.521,,95.3996,,61.222,,57.2931,,64.4093,,59.9859
618,,106.653,,116.71,,141.425,,143.796,,103.276,,96.1299,,101.521,,95.3996,,61.222,,57.2931,,64.4093,,59.9859
619,,106.803,,116.716,,141.494,,143.703,,103.276,,96.1299,,101.521,,95.3996,,61.222,,57.2931,,64.4093,,59.9859
620,,106.775,,116.709,,141.406,,143.733,,103.276,,96.1299,,101.521,,95.3996,,61.222,,57.2931,,64.4093,,59.9859
621,,106.839,,116.693,,141.523,,143.64,,103.276,,96.1299,,101.521,,95.3996,,61.222,,57.2931,,64.4093,,59.9859
622,,106.93,,116.757,,141.434,,143.67,,103.276,,96.1299,,101.521,,95.3996,,61.222,,57.2931,,64.4093,,59.9859
623,,106.944,,116.711,,141.526,,143.612,,103.276,,96.1299,,101.521,,95.3996,,61.222,,57.2931,,64.4093,,59.9859
624,,106.934,,116.797,,141.43,,143.702,,103.276,,96.1299,,101.521,,95.3996,,61.222,,57.2931,,64.4093,,59.9859
625,,107.079,,116.736,,141.58,,143.578,,103.276,,96.1299,,101.521,,95.3996,,61.222,,57.2931,,64.4093,,59.9859
626,,106.907,,116.778,,141.474,,143.698,,103.276,,96.1299,,101.521,,95.3996,,61.222,,57.2931,,64.4093,,59.9859
627,,107.036,,116.728,,141.562,,143.624,,103.276,,96.1299,,101.521,,95.3996,,61.222,,57.2931,,64.4093,,59.9859
628,,106.73,,116.736,,141.427,,143.807,,103.276,,96.1299,,101.521,,95.3996,,61.222,,57.2931,,64.4093,,59.9859
629,,106.879,,116.668,,141.506,,143.67,,103.276,,96.1299,,101.521,,95.3996,,61.222,,57.2931,,64.4093,,59.9859
630,,106.62,,116.708,,141.354,,143.836,,103.276,,96.1299,,101.521,,95.3996,,61.222,,57.2931,,64.4093,,59.9859
631,,106.73,,116.711,,141.416,,143.742,,103.276,,96.1299,,101.521,,95.3996,,61.222,,57.2931,,64.4093,,59.9859
632,,106.672,,116.719,,141.317,,143.789,,103.276,,96.1299,,101.521,,95.3996,,61.222,,57.2931,,64.4093,,59.9859
633,,106.778,,116.717,,141.421,,143.685,,103.276,,96.1299,,101.521,,95.3996,,61.222,,57.2931,,64.4093,,59.9859
634,,106.82,,116.751,,141.353,,143.703,,103.276,,96.1299,,101.521,,95.3996,,61.222,,57.2931,,64.4093,,59.9859
635,,106.916,,116.715,,141.506,,143.584,,103.276,,96.1299,,101.521,,95.3996,,61.222,,57.2931,,64.4093,,59.9859
636,,106.961,,116.769,,141.457,,143.613,,103.276,,96.1299,,101.521,,95.3996,,61.222,,57.2931,,64.4093,,59.9859
637,,107.076,,116.726,,141.576,,143.527,,103.276,,96.1299,,101.521,,95.3996,,61.222,,57.2931,,64.4093,,59.9859
638,,106.935,,116.766,,141.472,,143.65,,103.276,,96.1299,,101.521,,95.3996,,61.222,,57.2931,,64.4093,,59.9859
639,,107.11,,116.71,,141.6,,143.528,,103.276,,96.1299,,101.521,,95.3996,,61.222,,57.2931,,64.4093,,59.9859
640,,106.9,,116.723,,141.504,,143.666,,103.276,,96.1299,,101.521,,95.3996,,61.222,,57.2931,,64.4093,,59.9859
641,,107.032,,116.681,,141.593,,143.574,,103.276,,96.1299,,101.521,,95.3996,,61.222,,57.2931,,64.4093,,59.9859
642,,106.839,,116.696,,141.46,,143.722,,103.276,,96.1299,,101.521,,95.3996,,61.222,,57.2931,,64.4093,,59.9859
643,,106.917,,116.687,,141.521,,143.666,,103.276,,96.1299,,101.521,,95.3996,,61.222,,57.2931,,64.4093,,59.9859
644,,106.866,,116.698,,141.421,,143.726,,103.276,,96.1299,,101.521,,95.3996,,61.222,,57.2931,,64.4093,,59.9859
645,,106.829,,116.663,,141.524,,143.68,,103.276,,96.1299,,101.521,,95.3996,,61.222,,57.2931,,64.4093,,59.9859
646,,106.865,,116.761,,141.393,,143.756,,103.276,,96.1299,,101.521,,95.3996,,61.222,,57.2931,,64.4093,,59.9859
647,,106.765,,116.695,,141.469,,143.737,,103.276,,96.1299,,101.521,,95.3996,,61.222,,57.2931,,64.4093,,59.9859
648,,106.734,,116.828,,141.329,,143.843,,103.276,,96.1299,,101.521,,95.3996,,61.222,,57.2931,,64.4093,,59.9859
649,,106.771,,116.755,,141.46,,143.746,,103.276,,96.1299,,101.521,,95.3996,,61.222,,57.2931,,64.4093,,59.9859
650,,106.694,,116.832,,141.377,,143.812,,103.276,,96.1299,,101.521,,95.3996,,61.222,,57.2931,,64.4093,,59.9859
651,,106.829,,116.76,,141.498,,143.692,,103.276,,96.1299,,101.521,,95.3996,,61.222,,57.2931,,64.4093,,59.9859
652,,106.609,,116.806,,141.394,,143.834,,103.276,,96.1299,,101.521,,95.3996,,61.222,,57.2931,,64.4093,,59.9859
653,,106.809,,116.739,,141.51,,143.676,,103.276,,96.1299,,101.521,,95.3996,,61.222,,57.2931,,64.4093,,59.9859
654,,106.625,,116.752,,141.425,,143.784,,103.276,,96.1299,,101.521,,95.3996,,61.222,,57.2931,,64.4093,,59.9859
655,,106.776,,116.725,,141.526,,143.664,,103.276,,96.1299,,101.521,,95.3996,,61.222,,57.2931,,64.4093,,59.9859
656,,106.743,,116.743,,141.417,,143.728,,103.276,,96.1299,,101.521,,95.3996,,61.222,,57.2931,,64.4093,,59.9859
657,,106.793,,116.714,,141.501,,143.658,,103.276,,96.1299,,101.521,,95.3996,,61.222,,57.2931,,64.4093,,59.9859
658,,106.843,,116.767,,141.404,,143.702,,103.276,,96.1299,,101.521,,95.3996,,61.222,,57.2931,,64.4093,,59.9859
659,,106.83,,116.7,,141.532,,143.634,,103.276,,96.1299,,101.521,,95.3996,,61.222,,57.2931,,64.4093,,59.9859
660,,106.897,,116.795,,141.45,,143.686,,103.276,,96.1299,,101.521,,95.3996,,61.222,,57.2931,,64.4093,,59.9859
661,,106.933,,116.722,,141.546,,143.628,,103.276,,96.1299,,101.521,,95.3996,,61.222,,57.2931,,64.4093,,59.9859
662,,106.776,,116.794,,141.423,,143.77,,103.276,,96.1299,,101.521,,95.3996,,61.222,,57.2931,,64.4093,,59.9859
663,,106.946,,116.695,,141.558,,143.622,,103.276,,96.1299,,101.521,,95.3996,,61.222,,57.2931,,64.4093,,59.9859
664,,106.683,,116.744,,141.448,,143.799,,103.276,,96.1299,,101.521,,95.3996,,61.222,,57.2931,,64.4093,,59.9859
665,,106.84,,116.69,,141.529,,143.691,,103.276,,96.1299,,101.521,,95.3996,,61.222,,57.2931,,64.4093,,59.9859
666,,106.578,,116.688,,141.413,,143.847,,103.276,,96.1299,,101.521,,95.3996,,61.222,,57.2931,,64.4093,,59.9859
667,,106.754,,116.647,,141.49,,143.702,,103.276,,96.1299,,101.521,,95.3996,,61.222,,57.2931,,64.4093,,59.9859
668,,106.612,,116.683,,141.349,,143.81,,103.276,,96.1299,,101.521,,95.3996,,61.222,,57.2931,,64.4093,,59.9859
669,,106.753,,116.686,,141.439,,143.694,,103.276,,96.1299,,101.521,,95.3996,,61.222,,57.2931,,64.4093,,59.9859
670,,106.801,,116.714,,141.366,,143.703,,103.276,,96.1299,,101.521,,95.3996,,61.222,,57.2931,,64.4093,,59.9859
671,,106.925,,116.699,,141.481,,143.593,,103.276,,96.1299,,101.521,,95.3996,,61.222,,57.2931,,64.4093,,59.9859
672,,106.976,,116.746,,141.42,,143.624,,103.276,,96.1299,,101.521,,95.3996,,61.222,,57.2931,,64.4093,,59.9859
673,,107.145,,116.712,,141.581,,143.491,,103.276,,96.1299,,101.521,,95.3996,,61.222,,57.2931,,64.4093,,59.9859
674,,107.078,,116.739,,141.511,,143.559,,103.276,,96.1299,,101.521,,95.3996,,61.222,,57.2931,,64.4093,,59.9859
675,,107.235,,116.707,,141.619,,143.477,,103.276,,96.1299,,101.521,,95.3996,,61.222,,57.2931,,64.4093,,59.9859
676,,107.036,,116.721,,141.501,,143.626,,103.276,,96.1299,,101.521,,95.3996,,61.222,,57.2931,,64.4093,,59.9859
677,,107.175,,116.7,,141.59,,143.549,,103.276,,96.1299,,101.521,,95.3996,,61.222,,57.2931,,64.4093,,59.9859
678,,107.037,,116.684,,141.511,,143.644,,103.276,,96.1299,,101.521,,95.3996,,61.222,,57.2931,,64.4093,,59.9859
679,,107.083,,116.662,,141.61,,143.589,,103.276,,96.1299,,101.521,,95.3996,,61.222,,57.2931,,64.4093,,59.9859
680,,107.03,,116.699,,141.477,,143.691,,103.276,,96.1299,,101.521,,95.3996,,61.222,,57.2931,,64.4093,,59.9859
681,,106.966,,116.66,,141.548,,143.673,,103.276,,96.1299,,101.521,,95.3996,,61.222,,57.2931,,64.4093,,59.9859
682,,106.944,,116.75,,141.418,,143.767,,103.276,,96.1299,,101.521,,95.3996,,61.222,,57.2931,,64.4093,,59.9859
683,,106.818,,116.68,,141.509,,143.748,,103.276,,96.1299,,101.521,,95.3996,,61.222,,57.2931,,64.4093,,59.9859
684,,106.817,,116.823,,141.363,,143.834,,103.276,,96.1299,,101.521,,95.3996,,61.222,,57.2931,,64.4093,,59.9859
685,,106.805,,116.738,,141.472,,143.762,,103.276,,96.1299,,101.521,,95.3996,,61.222,,57.2931,,64.4093,,59.9859
686,,106.726,,116.844,,141.36,,143.843,,103.276,,96.1299,,101.521,,95.3996,,61.222,,57.2931,,64.4093,,59.9859
687,,106.884,,116.752,,141.514,,143.673,,103.276,,96.1299,,101.521,,95.3996,,61.222,,57.2931,,64.4093,,59.9859
688,,106.791,,116.809,,141.461,,143.738,,103.276,,96.1299,,101.521,,95.3996,,61.222,,57.2931,,64.4093,,59.9859
689,,106.975,,116.741,,141.593,,143.593,,103.276,,96.1299,,101.521,,95.3996,,61.222,,57.2931,,64.4093,,59.9859
690,,106.845,,116.76,,141.504,,143.695,,103.276,,96.1299,,101.521,,95.3996,,61.222,,57.2931,,64.4093,,59.9859
691,,106.998,,116.73,,141.601,,143.598,,103.276,,96.1299,,101.521,,95.3996,,61.222,,57.2931,,64.4093,,59.9859
692,,106.987,,116.72,,141.533,,143.627,,103.276,,96.1299,,101.521,,95.3996,,61.222,,57.2931,,64.4093,,59.9859
693,,106.967,,116.666,,141.648,,143.576,,103.276,,96.1299,,101.521,,95.3996,,61.222,,57.2931,,64.4093,,59.9859
694,,107.028,,116.754,,141.514,,143.661,,103.276,,96.1299,,101.521,,95.3996,,61.222,,57.2931,,64.4093,,59.9859
695,,106.889,,116.663,,141.585,,143.663,,103.276,,96.1299,,101.521,,95.3996,,61.222,,57.2931,,64.4093,,59.9859
696,,106.868,,116.804,,141.422,,143.789,,103.276,,96.1299,,101.521,,95.3996,,61.222,,57.2931,,64.4093,,59.9859
697,,106.826,,116.709,,141.522,,143.735,,103.276,,96.1299,,101.521,,95.3996,,61.222,,57.2931,,64.4093,,59.9859
698,,106.793,,116.815,,141.42,,143.805,,103.276,,96.1299,,101.521,,95.3996,,61.222,,57.2931,,64.4093,,59.9859
699,,106.897,,116.723,,141.53,,143.689,,103.276,,96.1299,,101.521,,95.3996,,61.222,,57.2931,,64.4093,,59.9859
700,,106.722,,116.795,,141.422,,143.821,,103.276,,96.1299,,101.521,,95.3996,,61.222,,57.2931,,64.4093,,59.9859
701,,106.922,,116.723,,141.542,,143.667,,103.276,,96.1299,,101.521,,95.3996,,61.222,,57.2931,,64.4093,,59.9859
702,,106.778,,116.739,,141.471,,143.754,,103.276,,96.1299,,101.521,,95.3996,,61.222,,57.2931,,64.4093,,59.9859
703,,106.917,,116.697,,141.586,,143.635,,103.276,,96.1299,,101.521,,95.3996,,61.222,,57.2931,,64.4093,,59.9859
704,,106.887,,116.731,,141.464,,143.709,,103.276,,96.1299,,101.521,,95.3996,,61.222,,57.2931,,64.4093,,59.9859
705,,106.881,,116.684,,141.541,,143.66,,103.276,,96.1299,,101.521,,95.3996,,61.222,,57.2931,,64.4093,,59.9859
706,,106.918,,116.759,,141.426,,143.724,,103.276,,96.1299,,101.521,,95.3996,,61.222,,57.2931,,64.4093,,59.9859
707,,106.808,,116.674,,141.533,,143.692,,103.276,,96.1299,,101.521,,95.3996,,61.222,,57.2931,,64.4093,,59.9859
708,,106.853,,116.808,,141.41,,143.769,,103.276,,96.1299,,101.521,,95.3996,,61.222,,57.2931,,64.4093,,59.9859
709,,106.459,,116.325,,138.129,,140.609,,85.4924,,78.0057,,95.5762,,89.0912,,58.5388,,54.5444,,68.129,,63.546
710,,106.732,,116.811,,141.396,,143.825,,103.276,,96.1299,,101.521,,95.3996,,61.222,,57.2931,,64.4093,,59.9859
711,,106.909,,116.695,,141.551,,143.647,,103.276,,96.1299,,101.521,,95.3996,,61.222,,57.2931,,64.4093,,59.9859
712,,106.71,,116.762,,141.464,,143.786,,103.276,,96.1299,,101.521,,95.3996,,61.222,,57.2931,,64.4093,,59.9859
713,,106.895,,116.694,,141.566,,143.652,,103.276,,96.1299,,101.521,,95.3996,,61.222,,57.2931,,64.4093,,59.9859
714,,106.676,,116.704,,141.458,,143.791,,103.276,,96.1299,,101.521,,95.3996,,61.222,,57.2931,,64.4093,,59.9859
715,,106.507,,116.209,,138.158,,140.526,,85.4924,,78.0057,,95.5762,,89.0912,,58.5388,,54.5444,,68.129,,63.546
716,,106.54,,116.181,,138.258,,140.444,,85.4924,,78.0057,,95.5762,,89.0912,,58.5388,,54.5444,,68.129,,63.546
717,,106.625,,116.258,,138.151,,140.491,,85.4924,,78.0057,,95.5762,,89.0912,,58.5388,,54.5444,,68.129,,63.546
718,,106.602,,116.199,,138.238,,140.437,,85.4924,,78.0057,,95.5762,,89.0912,,58.5388,,54.5444,,68.129,,63.546
719,,106.593,,116.304,,138.124,,140.533,,85.4924,,78.0057,,95.5762,,89.0912,,58.5388,,54.5444,,68.129,,63.546
720,,106.714,,116.23,,138.28,,140.401,,85.4924,,78.0057,,95.5762,,89.0912,,58.5388,,54.5444,,68.129,,63.546
721,,106.543,,116.29,,138.166,,140.521,,85.4924,,78.0057,,95.5762,,89.0912,,58.5388,,54.5444,,68.129,,63.546
722,,106.677,,116.228,,138.269,,140.431,,85.4924,,78.0057,,95.5762,,89.0912,,58.5388,,54.5444,,68.129,,63.546
723,,106.326,,116.254,,138.113,,140.635,,85.4924,,78.0057,,95.5762,,89.0912,,58.5388,,54.5444,,68.129,,63.546
724,,106.606,,116.736,,141.388,,143.847,,103.276,,96.1299,,101.521,,95.3996,,61.222,,57.2931,,64.4093,,59.9859
725,,106.184,,116.225,,138.038,,140.67,,85.4924,,78.0057,,95.5762,,89.0912,,58.5388,,54.5444,,68.129,,63.546
726,,106.322,,116.235,,138.101,,140.564,,85.4924,,78.0057,,95.5762,,89.0912,,58.5388,,54.5444,,68.129,,63.546
727,,106.253,,116.248,,138.002,,140.619,,85.4924,,78.0057,,95.5762,,89.0912,,58.5388,,54.5444,,68.129,,63.546
728,,106.43,,116.249,,138.133,,140.476,,85.4924,,78.0057,,95.5762,,89.0912,,58.5388,,54.5444,,68.129,,63.546
729,,106.498,,116.262,,138.094,,140.468,,85.4924,,78.0057,,95.5762,,89.0912,,58.5388,,54.5444,,68.129,,63.546
730,,106.667,,116.23,,138.268,,140.314,,85.4924,,78.0057,,95.5762,,89.0912,,58.5388,,54.5444,,68.129,,63.546
731,,106.749,,116.267,,138.239,,140.323,,85.4924,,78.0057,,95.5762,,89.0912,,58.5388,,54.5444,,68.129,,63.546
732,,106.992,,116.758,,141.477,,143.548,,103.276,,96.1299,,101.521,,95.3996,,61.222,,57.2931,,64.4093,,59.9859
733,,107.146,,116.721,,141.613,,143.446,,103.276,,96.1299,,101.521,,95.3996,,61.222,,57.2931,,64.4093,,59.9859
734,,107.018,,116.225,,138.424,,140.206,,85.4924,,78.0057,,95.5762,,89.0912,,58.5388,,54.5444,,68.129,,63.546
735,,107.257,,116.728,,141.654,,143.446,,103.276,,96.1299,,101.521,,95.3996,,61.222,,57.2931,,64.4093,,59.9859
736,,106.979,,116.187,,138.418,,140.243,,85.4924,,78.0057,,95.5762,,89.0912,,58.5388,,54.5444,,68.129,,63.546
737,,106.835,,116.215,,138.276,,140.389,,85.4924,,78.0057,,95.5762,,89.0912,,58.5388,,54.5444,,68.129,,63.546
738,,107.089,,116.711,,141.523,,143.618,,103.276,,96.1299,,101.521,,95.3996,,61.222,,57.2931,,64.4093,,59.9859
739,,106.813,,116.212,,138.241,,140.432,,85.4924,,78.0057,,95.5762,,89.0912,,58.5388,,54.5444,,68.129,,63.546
740,,106.755,,116.157,,138.337,,140.397,,85.4924,,78.0057,,95.5762,,89.0912,,58.5388,,54.5444,,68.129,,63.546
741,,106.747,,116.259,,138.189,,140.504,,85.4924,,78.0057,,95.5762,,89.0912,,58.5388,,54.5444,,68.129,,63.546
742,,106.621,,116.182,,138.253,,140.492,,85.4924,,78.0057,,95.5762,,89.0912,,58.5388,,54.5444,,68.129,,63.546
743,,106.569,,116.32,,138.095,,140.612,,85.4924,,78.0057,,95.5762,,89.0912,,58.5388,,54.5444,,68.129,,63.546
744,,106.544,,116.235,,138.209,,140.532,,85.4924,,78.0057,,95.5762,,89.0912,,58.5388,,54.5444,,68.129,,63.546
745,,106.51,,116.339,,138.118,,140.592,,85.4924,,78.0057,,95.5762,,89.0912,,58.5388,,54.5444,,68.129,,63.546
746,,106.603,,116.263,,138.244,,140.476,,85.4924,,78.0057,,95.5762,,89.0912,,58.5388,,54.5444,,68.129,,63.546
747,,106.446,,116.325,,138.139,,140.589,,85.4924,,78.0057,,95.5762,,89.0912,,58.5388,,54.5444,,68.129,,63.546
748,,106.716,,116.813,,141.404,,143.807,,103.276,,96.1299,,101.521,,95.3996,,61.222,,57.2931,,64.4093,,59.9859
749,,106.912,,116.736,,141.544,,143.639,,103.276,,96.1299,,101.521,,95.3996,,61.222,,57.2931,,64.4093,,59.9859
750,,106.764,,116.758,,141.479,,143.73,,103.276,,96.1299,,101.521,,95.3996,,61.222,,57.2931,,64.4093,,59.9859
751,,106.59,,116.246,,138.223,,140.469,,85.4924,,78.0057,,95.5762,,89.0912,,58.5388,,54.5444,,68.129,,63.546
752,,106.635,,116.208,,138.304,,140.405,,85.4924,,78.0057,,95.5762,,89.0912,,58.5388,,54.5444,,68.129,,63.546
753,,106.67,,116.258,,138.202,,140.461,,85.4924,,78.0057,,95.5762,,89.0912,,58.5388,,54.5444,,68.129,,63.546
754,,106.571,,116.18,,138.306,,140.426,,85.4924,,78.0057,,95.5762,,89.0912,,58.5388,,54.5444,,68.129,,63.546
755,,106.631,,116.309,,138.177,,140.514,,85.4924,,78.0057,,95.5762,,89.0912,,58.5388,,54.5444,,68.129,,63.546
756,,106.55,,116.209,,138.256,,140.483,,85.4924,,78.0057,,95.5762,,89.0912,,58.5388,,54.5444,,68.129,,63.546
