-46.641716	-7.180546	2.117681	-46.454781	-7.67157	3.695244	-46.682747	-6.903764	1.60669	-46.700668	-6.934284	1.656776	-46.700047	-6.873915	1.579649
-46.64167	-7.180745	2.11804	-46.454636	-7.671383	3.697175	-46.68195	-6.903244	1.606143	-46.700596	-6.934413	1.656839	-46.699505	-6.874922	1.581415
-46.638763	-7.181498	2.119784	-46.454185	-7.671952	3.696661	-46.677422	-6.917342	1.630998	-46.700619	-6.934424	1.656865	-46.69902	-6.875991	1.583165
-46.636566	-7.182557	2.12142	-46.453979	-7.671786	3.698517	-46.670582	-6.93232	1.655434	-46.700668	-6.934405	1.656964	-46.698372	-6.876935	1.584963
-46.634838	-7.183487	2.122864	-46.453506	-7.67236	3.698063	-46.662754	-6.950591	1.685652	-46.700699	-6.934417	1.656988	-46.697975	-6.877998	1.586779
-46.633312	-7.184597	2.12475	-46.454086	-7.672178	3.700795	-46.657902	-6.969996	1.721637	-46.700741	-6.934458	1.657012	-46.697296	-6.878942	1.588444
-46.632214	-7.185471	2.126226	-46.453159	-7.672904	3.700414	-46.65406	-6.993749	1.767862	-46.700771	-6.934478	1.657032	-46.69688	-6.879977	1.590257
-46.63126	-7.18635	2.127692	-46.454334	-7.672797	3.703692	-46.64904	-7.015483	1.808644	-46.700642	-6.934597	1.657066	-46.696171	-6.880533	1.592274
-46.630291	-7.188088	2.131313	-46.456261	-7.676631	3.711502	-46.643883	-7.038457	1.851816	-46.700668	-6.934596	1.657109	-46.695747	-6.881703	1.594016
-46.629189	-7.190105	2.135372	-46.455582	-7.677141	3.712688	-46.638821	-7.06144	1.895028	-46.70071	-6.934589	1.657192	-46.694725	-6.881684	1.596343
-46.628319	-7.192017	2.139165	-46.466393	-7.68202	3.737612	-46.632431	-7.085169	1.940899	-46.700741	-6.934594	1.657224	-46.694443	-6.882946	1.598133
-46.627548	-7.19393	2.142867	-46.470211	-7.682695	3.741462	-46.628994	-7.107474	1.982914	-46.700783	-6.934641	1.657242	-46.693466	-6.883162	1.600299
-46.627041	-7.195572	2.145941	-46.487854	-7.682331	3.775317	-46.626003	-7.130806	2.025351	-46.700809	-6.934667	1.657253	-46.693233	-6.884572	1.601935
-46.626595	-7.197233	2.149033	-46.491791	-7.681928	3.77991	-46.622429	-7.154383	2.068098	-46.700848	-6.934691	1.657297	-46.692421	-6.884866	1.604126
-46.626312	-7.200315	2.15501	-46.490181	-7.681144	3.782475	-46.618652	-7.177286	2.109594	-46.700871	-6.934722	1.657298	-46.691689	-6.885342	1.60623
-46.62606	-7.203702	2.161469	-46.492947	-7.681287	3.786563	-46.614777	-7.198528	2.147978	-46.700912	-6.934752	1.657339	-46.690979	-6.885924	1.608241
-46.625996	-7.206654	2.167028	-46.491734	-7.681361	3.789363	-46.610497	-7.221043	2.188638	-46.700932	-6.934781	1.657342	-46.690483	-6.886612	1.610334
-46.625679	-7.209547	2.172478	-46.494209	-7.681774	3.793277	-46.606239	-7.241845	2.226118	-46.70097	-6.934801	1.657395	-46.689667	-6.887326	1.612008
-46.625454	-7.212198	2.177408	-46.493877	-7.685215	3.806217	-46.605747	-7.268538	2.279671	-46.700993	-6.934828	1.657399	-46.689186	-6.888117	1.613983
-46.625244	-7.214859	2.182339	-46.496059	-7.687928	3.814137	-46.606815	-7.297275	2.339416	-46.701031	-6.934849	1.657452	-46.688515	-6.888968	1.615694
-46.625652	-7.21936	2.190147	-46.495838	-7.69286	3.832306	-46.607655	-7.32764	2.402327	-46.700993	-6.934903	1.657467	-46.687943	-6.88988	1.617444
-46.626522	-7.227	2.204877	-46.497761	-7.696049	3.842204	-46.588631	-7.361929	2.49442	-46.701031	-6.934916	1.657529	-46.687309	-6.890801	1.619118
-46.627193	-7.234731	2.21966	-46.49818	-7.703536	3.86902	-46.545135	-7.400595	2.622052	-46.701046	-6.934936	1.657541	-46.686985	-6.891768	1.621065
-46.627766	-7.242739	2.235606	-46.501095	-7.713037	3.900507	-46.529419	-7.45715	2.877523	-46.701015	-6.934994	1.657599	-46.686302	-6.892736	1.622597
-46.628918	-7.251602	2.253664	-46.503006	-7.735886	3.979011	-46.519917	-7.503612	3.142823	-46.70108	-6.934916	1.657772	-46.685867	-6.893725	1.624403
-46.629799	-7.260051	2.271108	-46.490185	-7.75707	4.048666	-46.51424	-7.541993	3.346623	-46.701042	-6.935011	1.657776	-46.685337	-6.894729	1.626075
-46.630562	-7.270301	2.291986	-46.478821	-7.778884	4.101443	-46.489212	-7.572564	3.426741	-46.700951	-6.935099	1.657795	-46.68478	-6.895747	1.627695
-46.631214	-7.280361	2.312531	-46.444897	-7.796989	4.128777	-46.468616	-7.591115	3.474094	-46.700985	-6.935119	1.657848	-46.684246	-6.896772	1.629344
-46.631752	-7.289867	2.331931	-46.438267	-7.818867	4.182955	-46.451595	-7.609497	3.519182	-46.700996	-6.935142	1.657862	-46.683826	-6.897815	1.631093
-46.632263	-7.298504	2.349602	-46.447193	-7.838547	4.240142	-46.465584	-7.634593	3.609238	-46.701004	-6.935183	1.657913	-46.683147	-6.898849	1.632539
-46.632652	-7.306557	2.366052	-46.46209	-7.860413	4.309906	-46.483307	-7.66638	3.717066	-46.701065	-6.935114	1.658072	-46.682831	-6.899901	1.634399
-46.633011	-7.314004	2.3813	-46.467632	-7.878136	4.359808	-46.488594	-7.702003	3.841024	-46.701031	-6.935205	1.658078	-46.682323	-6.900937	1.636051
-46.633213	-7.323133	2.39995	-46.48172	-7.898287	4.424524	-46.495213	-7.739531	3.971033	-46.700951	-6.935285	1.658096	-46.681828	-6.901989	1.63769
-46.625828	-7.339972	2.443449	-46.488468	-7.916502	4.476691	-46.500042	-7.785302	4.144506	-46.700974	-6.935317	1.658144	-46.681244	-6.90303	1.639239
-46.619282	-7.359378	2.491351	-46.503372	-7.937598	4.544617	-46.512287	-7.840877	4.30361	-46.701027	-6.935251	1.658289	-46.680851	-6.904085	1.640988
-46.598236	-7.383745	2.567331	-46.508183	-7.954568	4.592308	-46.546474	-7.894372	4.472046	-46.700958	-6.935355	1.658304	-46.680244	-6.905124	1.642501
-46.586826	-7.417857	2.71109	-46.522007	-7.974205	4.65565	-46.558655	-7.946859	4.619087	-46.701019	-6.935313	1.65843	-46.679905	-6.90618	1.644307
-46.586838	-7.455716	2.907126	-46.526287	-7.989498	4.698559	-46.591854	-7.996661	4.775543	-46.700974	-6.935413	1.658435	-46.679195	-6.907216	1.645675
-46.579262	-7.496416	3.098775	-46.540817	-8.009937	4.764637	-46.611954	-8.053077	4.945567	-46.701027	-6.935393	1.658526	-46.678875	-6.908278	1.647506
-46.559925	-7.532212	3.290142	-46.591129	-8.02109	4.829993	-46.730331	-8.094572	5.140912	-46.700977	-6.935491	1.658537	-46.678207	-6.909312	1.648933
-46.540199	-7.554296	3.368998	-46.664211	-8.036322	4.921017	-46.814034	-8.138042	5.319773	-46.700947	-6.935547	1.658547	-46.677837	-6.910385	1.650697
-46.526917	-7.563729	3.392047	-46.712643	-8.04936	4.991302	-46.891945	-8.182865	5.627466	-46.700886	-6.935616	1.658612	-46.673714	-6.922815	1.66914
-46.522114	-7.567918	3.403003	-46.795967	-8.068099	5.100411	-46.911873	-8.245121	5.984449	-46.700947	-6.935544	1.658772	-46.669254	-6.941805	1.699913
-46.518436	-7.569973	3.408475	-46.850029	-8.084134	5.182979	-46.982063	-8.281031	6.448184	-46.700916	-6.935631	1.658777	-46.665741	-6.965641	1.740951
-46.514156	-7.572785	3.415073	-46.883965	-8.099753	5.248845	-46.94558	-8.294391	7.088448	-46.70097	-6.935607	1.658875	-46.662647	-6.990561	1.783561
-46.508671	-7.576774	3.424409	-46.893845	-8.109113	5.28249	-46.880535	-8.301774	7.926687	-46.700901	-6.935711	1.658891	-46.65913	-7.016382	1.82762
-46.502689	-7.580894	3.433498	-46.914013	-8.128402	5.349638	-46.70171	-8.310873	8.923235	-46.700886	-6.93576	1.658897	-46.654236	-7.045028	1.876906
-46.495369	-7.582433	3.457212	-46.934601	-8.143278	5.408175	-46.595024	-8.359639	9.731952	-46.700821	-6.935833	1.658961	-46.64806	-7.076209	1.930865
-46.492825	-7.58231	3.459143	-46.962788	-8.173092	5.619286	-46.599663	-8.440712	10.010444	-46.700886	-6.935753	1.659136	-46.638859	-7.116097	2.000253
-46.491356	-7.582468	3.460753	-46.952709	-8.213871	5.835355	-46.597916	-8.412707	10.231311	-46.700829	-6.935853	1.659144	-46.627239	-7.162877	2.082013
-46.490349	-7.582704	3.462201	-46.988419	-8.243984	6.158493	-46.573986	-8.387694	10.405463	-46.700882	-6.935834	1.659234	-46.61763	-7.216562	2.18049
-46.487652	-7.583344	3.463806	-46.9753	-8.286184	6.475679	-46.592903	-8.358793	10.559007	-46.700848	-6.935924	1.659245	-46.604496	-7.274212	2.284251
-46.485546	-7.583958	3.465252	-46.952137	-8.269539	6.906071	-46.623032	-8.318507	10.71129	-46.700901	-6.935886	1.659357	-46.611698	-7.343049	2.43463
-46.483231	-7.584716	3.466659	-46.8675	-8.264047	7.390779	-46.716267	-8.292868	10.864206	-46.700752	-6.936027	1.659388	-46.573002	-7.419538	2.636519
-46.481823	-7.585367	3.467911	-46.777008	-8.25754	7.95221	-46.784142	-8.256385	11.057374	-46.700813	-6.935978	1.659519	-46.531582	-7.503482	3.113424
-46.480206	-7.58613	3.469144	-46.622627	-8.251396	8.572328	-46.903542	-8.231706	11.339511	-46.700748	-6.936085	1.65953	-46.46822	-7.604492	3.49467
-46.479404	-7.586771	3.470253	-46.468174	-8.257305	9.287134	-46.999435	-8.215262	11.587496	-46.700802	-6.936061	1.659629	-46.46233	-7.7123	3.806882
-46.477192	-7.588163	3.472804	-46.351822	-8.278281	9.698748	-47.098587	-8.194799	12.080048	-46.700718	-6.936173	1.659648	-46.509441	-7.82641	4.256256
-46.475346	-7.589427	3.475032	-46.33786	-8.284184	9.727892	-47.087463	-8.200386	12.764572	-46.700764	-6.936145	1.659741	-46.571907	-7.939329	4.624002
-46.473412	-7.590915	3.477753	-46.315788	-8.266497	9.750457	-47.125134	-8.240514	13.635139	-46.700691	-6.93625	1.659763	-46.661186	-8.076612	5.068707
-46.472004	-7.592183	3.479872	-46.315079	-8.249427	9.775043	-47.197239	-8.310581	14.599949	-46.700752	-6.936209	1.659886	-46.842903	-8.176663	5.471395
-46.470608	-7.593579	3.482271	-46.29631	-8.226555	9.777879	-47.210968	-8.333605	16.119371	-46.70068	-6.936318	1.659899	-46.930882	-8.285356	6.252193
-46.469673	-7.594743	3.48407	-46.301777	-8.208621	9.768328	-47.158199	-8.409559	17.825569	-46.700726	-6.936307	1.659976	-46.96463	-8.360768	7.517325
-46.467327	-7.597023	3.48858	-46.290089	-8.187839	9.757293	-47.183163	-8.557261	19.538326	-46.700645	-6.93641	1.660006	-46.880669	-8.454591	9.203767
-46.465069	-7.599813	3.494306	-46.304317	-8.173864	9.754003	-47.337879	-8.786714	21.024992	-46.700699	-6.936364	1.660126	-46.989914	-8.646747	10.67111
-46.464226	-7.605121	3.504778	-46.294319	-8.155945	9.741133	-47.603722	-9.083487	22.146772	-46.700554	-6.936501	1.660158	-47.191288	-8.820575	12.153748
-46.469154	-7.612026	3.525824	-46.30975	-8.148234	9.74634	-47.924744	-9.462584	22.79874	-46.700611	-6.936461	1.660276	-47.449974	-8.968679	13.843803
-46.474003	-7.618729	3.546687	-46.300594	-8.136934	9.752838	-48.20718	-9.88697	22.986925	-46.700581	-6.936551	1.660284	-47.366776	-8.993564	16.143332
-46.478542	-7.625294	3.56732	-46.317219	-8.131362	9.770686	-48.365662	-10.305784	22.793627	-46.70063	-6.93654	1.660363	-47.190228	-9.062634	18.824081
-46.484043	-7.633505	3.593802	-46.304562	-8.119819	9.778016	-48.274246	-10.558693	22.397982	-46.692616	-6.94687	1.677334	-47.190437	-9.14274	21.902338
-46.489899	-7.642395	3.622768	-46.318146	-8.11482	9.794442	-47.826702	-10.489236	22.088007	-46.68399	-6.960754	1.700724	-47.419571	-9.304343	24.608017
-46.497929	-7.65528	3.664972	-46.303539	-8.102972	9.803699	-47.214611	-10.380471	21.798372	-46.676903	-6.975581	1.727322	-47.837433	-9.575141	26.428329
-46.500431	-7.672206	3.720814	-46.317245	-8.09726	9.823826	-46.535694	-10.247793	21.566437	-46.673405	-6.995506	1.767749	-48.418388	-10.051809	27.172615
-46.508736	-7.707984	3.842681	-46.301022	-8.086468	9.831853	-46.135674	-10.136999	21.521051	-46.668304	-7.015374	1.805702	-49.015381	-10.772554	26.90888
-46.513836	-7.72713	3.90868	-46.313175	-8.081872	9.84985	-45.737762	-10.014238	21.572714	-46.663235	-7.034396	1.841685	-49.44511	-11.609524	25.883253
-46.519756	-7.759233	4.01611	-46.29562	-8.072354	9.855638	-45.337696	-9.877514	21.675531	-46.659389	-7.052337	1.875843	-49.552895	-12.378738	24.315119
-46.527149	-7.795053	4.137507	-46.307903	-8.067351	9.87625	-45.134949	-9.806678	21.783228	-46.655106	-7.069215	1.907436	-49.231178	-12.862423	22.486492
-46.523281	-7.827114	4.263979	-46.291054	-8.057078	9.885221	-45.078609	-9.762776	21.967205	-46.651966	-7.086488	1.939905	-48.475319	-12.938697	20.788176
-46.510101	-7.860057	4.347278	-46.30196	-8.053201	9.902663	-45.055958	-9.737191	22.070881	-46.648548	-7.102883	1.970509	-47.38459	-12.641861	19.609951
-46.497993	-7.891313	4.426128	-46.284569	-8.044397	9.908484	-45.131981	-9.716502	22.18611	-46.646397	-7.119562	2.000984	-46.217335	-12.175875	19.10463
-46.484932	-7.923405	4.505901	-46.294155	-8.041007	9.923885	-45.32975	-9.679946	22.345905	-46.644138	-7.134733	2.028928	-45.229675	-11.671289	19.228762
-46.475861	-7.952809	4.581017	-46.277687	-8.031281	9.933161	-45.589989	-9.665044	22.452721	-46.641323	-7.150706	2.058263	-44.710152	-11.243202	19.920774
-46.468418	-7.980611	4.654618	-46.29002	-8.027217	9.952186	-45.823757	-9.645046	22.448931	-46.635525	-7.164779	2.087409	-44.40097	-10.854401	20.868565
-46.487862	-8.005502	4.737569	-46.274529	-8.018411	9.959755	-45.997921	-9.601802	22.331131	-46.633049	-7.179125	2.113569	-44.418377	-10.589569	21.785795
-46.551739	-8.025019	4.830402	-46.284439	-8.015301	9.974794	-46.106171	-9.534385	22.108772	-46.630226	-7.194479	2.1415	-44.797485	-10.516497	22.376249
-46.64642	-8.037245	4.923902	-46.265522	-8.007744	9.979295	-46.189667	-9.47184	21.749899	-46.627384	-7.209346	2.168442	-45.441692	-10.676815	22.443537
-46.786167	-8.075604	5.118344	-46.27618	-8.003474	9.99874	-46.24419	-9.405388	21.227962	-46.624619	-7.223376	2.193893	-46.193737	-11.034297	21.95092
-46.847687	-8.093521	5.208153	-46.259121	-7.995039	10.006248	-46.270672	-9.329206	20.599955	-46.623775	-7.241883	2.230428	-46.936489	-11.490903	21.123709
-46.884289	-8.107708	5.269158	-46.279877	-7.990381	10.031783	-46.271736	-9.247204	19.992655	-46.624451	-7.262336	2.272739	-47.538345	-11.880514	20.222816
-46.898651	-8.121999	5.319929	-46.269634	-7.977971	10.042691	-46.265972	-9.175997	19.43816	-46.625027	-7.282094	2.313495	-47.91103	-12.096115	19.466473
-46.9151	-8.138617	5.379435	-46.299637	-7.973496	10.065137	-46.241997	-9.107599	18.939283	-46.625404	-7.302878	2.356342	-48.035435	-12.125082	19.002251
-46.9548	-8.161397	5.5592	-46.316093	-7.958903	10.085802	-46.172348	-9.063753	18.55389	-46.625271	-7.323024	2.397672	-47.972584	-12.014972	18.881353
-46.963039	-8.199865	5.773732	-46.400242	-7.955506	10.166154	-46.118156	-9.057948	18.309107	-46.613018	-7.348723	2.464717	-47.856316	-11.828851	19.065687
-46.964157	-8.232374	6.053237	-46.459679	-7.92921	10.200295	-46.081646	-9.041059	18.022923	-46.598999	-7.378897	2.54323	-47.659077	-11.609406	19.319433
-46.959736	-8.274423	6.379207	-46.54174	-7.913419	10.302442	-46.065815	-9.016595	17.78134	-46.563953	-7.415508	2.677106	-47.446121	-11.454247	19.239281
-46.904858	-8.253899	6.814538	-46.524452	-7.911777	10.465416	-46.044212	-9.003046	17.523811	-46.568481	-7.462359	2.934036	-47.177536	-11.327662	18.799633
-46.842838	-8.249715	7.355313	-46.528126	-7.90397	10.81969	-46.031757	-8.977677	17.317963	-46.549873	-7.511923	3.190327	-46.813526	-11.136612	18.419451
-46.72575	-8.241569	8.000752	-46.502594	-7.905349	11.185352	-46.00943	-8.972153	17.100151	-46.520565	-7.550866	3.354802	-46.40958	-10.98301	18.031734
-46.591766	-8.252115	8.73113	-46.526073	-7.927117	11.656949	-45.997337	-8.947491	16.934816	-46.507477	-7.57217	3.426852	-46.051796	-10.826952	17.710968
-46.406185	-8.262272	9.561417	-46.515621	-7.953267	12.131414	-45.980762	-8.946566	16.746836	-46.490986	-7.581629	3.452906	-45.696369	-10.66067	17.421003
-46.382813	-8.320813	9.879085	-46.558933	-7.987436	12.679205	-45.981495	-8.927239	16.62104	-46.478798	-7.589372	3.472998	-45.424496	-10.507089	17.179033
-46.372669	-8.299804	9.927065	-46.587326	-8.011736	13.324368	-45.97887	-8.93122	16.451128	-46.46941	-7.595205	3.487969	-45.183792	-10.330412	16.9755
-46.376263	-8.290348	9.952774	-46.701675	-8.070296	14.216823	-45.946972	-8.919011	16.358307	-46.461426	-7.601288	3.505212	-45.038799	-10.167471	16.814238
-46.359856	-8.268487	9.960575	-46.83287	-8.145936	15.301882	-45.861652	-8.932129	16.19726	-46.467613	-7.611655	3.542622	-44.910526	-10.019617	16.660671
-46.364372	-8.250169	9.964796	-46.877117	-8.227395	16.664751	-45.800953	-8.916794	16.087584	-46.475418	-7.624708	3.588303	-44.888187	-9.902544	16.546244
-46.348824	-8.228778	9.954088	-46.922573	-8.349879	18.129457	-45.662369	-8.909887	15.878211	-46.483337	-7.638159	3.634777	-44.885284	-9.789226	16.438236
-46.356407	-8.212448	9.944925	-47.030506	-8.519526	19.55883	-45.552975	-8.874636	15.764795	-46.492992	-7.65661	3.697454	-44.89521	-9.690295	16.344618
-46.34082	-8.192411	9.921303	-47.20636	-8.730441	20.797195	-45.394485	-8.866934	15.590911	-46.496094	-7.67979	3.779353	-44.894482	-9.594387	16.253984
-46.347893	-8.177648	9.902758	-47.413937	-8.969292	21.732044	-45.30917	-8.837572	15.513285	-46.499546	-7.70458	3.866528	-44.963428	-9.523301	16.184048
-46.335445	-8.161488	9.88835	-47.597828	-9.22423	22.289915	-45.192837	-8.835487	15.368605	-46.503231	-7.728738	3.950933	-44.952305	-9.439205	16.108927
-46.345196	-8.151367	9.89072	-47.701157	-9.47	22.499542	-45.185089	-8.82336	15.325884	-46.506882	-7.760993	4.076868	-44.942966	-9.377357	16.048321
-46.331398	-8.141829	9.892587	-47.642666	-9.622797	22.459333	-45.140865	-8.829828	15.19705	-46.519299	-7.799926	4.191473	-44.899532	-9.305525	15.994084
-46.338718	-8.135475	9.904146	-47.365944	-9.595031	22.354593	-45.185856	-8.829336	15.157883	-46.526852	-7.838516	4.301318	-44.871754	-9.257493	15.950052
-46.321636	-8.125787	9.90718	-46.994987	-9.559907	22.158869	-45.185188	-8.856091	15.077233	-46.536102	-7.878145	4.414877	-44.756836	-9.187115	15.911819
-46.324928	-8.119883	9.917756	-46.687725	-9.533074	21.973036	-45.229774	-8.884855	15.063448	-46.538208	-7.916657	4.520571	-44.72551	-9.160492	15.902102
-46.3041	-8.111329	9.918938	-46.474728	-9.503126	21.867414	-45.244965	-8.932511	14.995448	-46.541664	-7.954208	4.624462	-44.617878	-9.105762	15.90728
-46.307373	-8.104378	9.9344	-46.117321	-9.467736	21.705427	-45.343231	-8.977911	15.021128	-46.536579	-7.989246	4.716	-44.572891	-9.094339	15.934338
-46.288158	-8.095151	9.939615	-45.810036	-9.462756	21.531744	-45.379669	-9.043632	14.955036	-46.53793	-8.023483	4.809723	-44.508263	-9.056007	15.986787
-46.292145	-8.089072	9.954453	-45.750904	-9.484186	21.363777	-45.478954	-9.090638	14.99784	-46.626789	-8.042595	4.924502	-44.509644	-9.056693	16.038446
-46.273106	-8.080976	9.958253	-45.611198	-9.45649	21.226009	-45.559959	-9.173705	15.01046	-46.737831	-8.059664	5.048784	-44.43647	-9.017141	16.110567
-46.275867	-8.075934	9.970945	-45.549358	-9.464822	21.17621	-45.611488	-9.2258	15.040811	-46.823933	-8.082473	5.171852	-44.499172	-9.039553	16.173708
-46.258347	-8.068604	9.974389	-45.681801	-9.469028	21.326992	-45.745201	-9.30295	15.074365	-46.876377	-8.104792	5.276947	-44.445591	-9.00701	16.24481
-46.264526	-8.063042	9.991108	-45.774227	-9.46474	21.5222	-45.844093	-9.363065	15.087637	-46.897228	-8.129462	5.365943	-44.489582	-9.035781	16.283672
-46.250656	-8.055255	9.998042	-45.871632	-9.47008	21.699444	-45.946514	-9.416944	15.094113	-46.947487	-8.160715	5.574044	-44.474243	-9.013082	16.332304
-46.259087	-8.050578	10.013757	-45.976067	-9.481937	21.816931	-46.112057	-9.478173	15.119373	-46.957424	-8.20402	5.814499	-44.501648	-9.033076	16.338749
-46.243858	-8.043899	10.017667	-46.072166	-9.488354	21.822372	-46.178932	-9.514729	15.110676	-46.982643	-8.243878	6.162047	-44.50288	-9.012224	16.359943
-46.249226	-8.040091	10.030037	-46.167187	-9.493514	21.728861	-46.345871	-9.577299	15.211583	-47.013878	-8.28445	6.526179	-44.595848	-9.039501	16.345314
-46.233116	-8.034147	10.032263	-46.258957	-9.501193	21.506721	-46.371628	-9.616209	15.212523	-47.000103	-8.269023	7.036132	-44.556469	-9.012656	16.339701
-46.240604	-8.029542	10.048662	-46.357121	-9.515684	21.191254	-46.468739	-9.647718	15.329674	-46.924313	-8.265791	7.671079	-44.670841	-9.059965	16.323847
-46.228012	-8.022807	10.055089	-46.437256	-9.536743	20.720247	-46.474983	-9.674516	15.342638	-46.817772	-8.276283	8.406568	-44.74749	-9.072753	16.326975
-46.238014	-8.019049	10.070822	-46.500515	-9.525616	20.188482	-46.468876	-9.673757	15.426123	-46.645432	-8.286595	9.247259	-44.809261	-9.124753	16.289322
-46.226444	-8.013021	10.075915	-46.511646	-9.458432	19.624653	-46.479698	-9.678609	15.426713	-46.540211	-8.31818	9.779576	-44.861637	-9.146802	16.288097
-46.236923	-8.009981	10.089897	-46.519089	-9.408249	19.089258	-46.46146	-9.662931	15.467011	-46.516747	-8.344432	9.885655	-45.052437	-9.2211	16.256035
-46.225502	-8.00466	10.093135	-46.439289	-9.336714	18.694633	-46.418667	-9.64553	15.461983	-46.496204	-8.313411	9.955902	-45.079964	-9.250319	16.227913
-46.238056	-8.000804	10.110455	-46.426735	-9.327121	18.393354	-46.448822	-9.635697	15.491209	-46.471958	-8.291999	9.992524	-45.220951	-9.328471	16.200813
-46.229	-7.994514	10.117099	-46.329582	-9.28153	18.03581	-46.349106	-9.598046	15.476561	-46.470078	-8.270333	10.040819	-45.382626	-9.36724	16.172878
-46.242729	-7.991268	10.133028	-46.297703	-9.26158	17.740826	-46.434967	-9.589218	15.56837	-46.455048	-8.249751	10.072843	-45.508358	-9.423983	16.102333
-46.234428	-7.984268	10.139785	-46.205288	-9.227471	17.433535	-46.379444	-9.565464	15.568514	-46.461189	-8.232189	10.109694	-45.640358	-9.463872	16.084614
-46.254982	-7.978112	10.161175	-46.165535	-9.207638	17.17803	-46.407654	-9.543794	15.719133	-46.450264	-8.213206	10.133668	-45.832222	-9.542156	16.003576
-46.280533	-7.961691	10.185567	-46.062977	-9.178697	16.895887	-46.413857	-9.541249	15.779008	-46.461628	-8.197603	10.1657	-45.899647	-9.585689	15.978789
-46.292336	-7.950929	10.195625	-46.021374	-9.166107	16.681002	-46.402973	-9.520888	15.899321	-46.453117	-8.181345	10.183102	-45.990974	-9.659995	15.911204
-46.37011	-7.935302	10.278775	-45.907963	-9.14031	16.422165	-46.446243	-9.517226	15.95244	-46.464993	-8.168457	10.208221	-45.988136	-9.661268	15.881629
-46.429916	-7.915589	10.305683	-45.863174	-9.131412	16.236347	-46.434185	-9.504493	15.997778	-46.454811	-8.152322	10.225152	-46.063046	-9.704531	15.832597
-46.494858	-7.88118	10.431164	-45.747089	-9.103415	16.003117	-46.433262	-9.484569	16.034025	-46.46587	-8.139894	10.250401	-46.056919	-9.701885	15.822399
-46.428261	-7.870513	10.674253	-45.703636	-9.095401	15.846733	-46.476906	-9.495096	16.06571	-46.451759	-8.126528	10.261206	-46.109306	-9.725464	15.792686
-46.390175	-7.877918	11.088433	-45.58535	-9.065488	15.64053	-46.40654	-9.46019	16.099529	-46.458088	-8.11662	10.281397	-46.091316	-9.710949	15.791966
-46.362621	-7.893896	11.607398	-45.546474	-9.056913	15.514619	-46.447598	-9.478141	16.155468	-46.482471	-8.104265	10.327748	-46.131775	-9.720126	15.777082
-46.400127	-7.939321	12.187365	-45.434322	-9.027206	15.338385	-46.348969	-9.449602	16.170801	-46.55658	-8.095157	10.399554	-46.098148	-9.696243	15.789063
-46.424427	-7.977217	12.833386	-45.405567	-9.022362	15.240971	-46.30822	-9.449368	16.224497	-46.617161	-8.077141	10.441257	-46.135765	-9.700733	15.792504
-46.500084	-8.032924	13.647543	-45.310295	-8.994309	15.096051	-46.284641	-9.434607	16.248314	-46.724358	-8.051288	10.531154	-46.096863	-9.672468	15.816079
-46.601849	-8.079288	14.745737	-45.301693	-8.992434	15.026505	-46.240879	-9.435751	16.236822	-46.758934	-8.035404	10.680372	-46.126671	-9.676205	15.830823
-46.699932	-8.186059	16.110334	-45.237244	-8.970406	14.908063	-46.234184	-9.414001	16.250612	-46.789204	-8.049025	10.919046	-46.087963	-9.645842	15.864733
-46.75856	-8.312685	17.701456	-45.230835	-8.972808	14.860429	-46.288513	-9.427646	16.228012	-46.798744	-8.041231	11.174356	-46.127556	-9.649532	15.886232
-46.859055	-8.475719	19.359402	-45.168812	-8.955569	14.77953	-46.24379	-9.39925	16.22917	-46.824097	-8.027538	11.56338	-46.09668	-9.621229	15.927277
-47.266804	-8.922517	22.134899	-45.159065	-8.96477	14.720564	-46.319508	-9.423874	16.233496	-46.812714	-8.040505	12.038608	-46.151176	-9.628647	15.953618
-47.511879	-9.209104	22.946089	-45.111969	-8.958012	14.667444	-46.362461	-9.41886	16.211966	-46.825481	-8.066592	12.65717	-46.153679	-9.603702	16.003977
-47.71175	-9.536503	23.286821	-45.116959	-8.976368	14.619864	-46.400036	-9.433989	16.177172	-46.852592	-8.111214	13.328532	-46.262043	-9.613171	16.04113
-47.799332	-9.865353	23.202917	-45.061993	-8.970584	14.53579	-46.483612	-9.463753	16.231323	-46.910851	-8.159008	14.186069	-46.317455	-9.593361	16.122795
-47.215534	-9.979367	22.540661	-45.08094	-9.007403	14.5159	-46.523052	-9.498076	16.206888	-47.005245	-8.205527	15.329983	-46.426373	-9.617399	16.203575
-46.67728	-9.961186	22.104607	-45.028992	-9.006887	14.437634	-46.620144	-9.518997	16.258539	-47.015369	-8.283062	16.758875	-46.46162	-9.589882	16.327118
-46.15464	-9.926075	21.669685	-45.083393	-9.042231	14.424056	-46.674179	-9.570052	16.186869	-47.046055	-8.416784	18.309307	-46.565422	-9.620253	16.404766
-45.73373	-9.83888	21.395838	-45.085411	-9.071021	14.387948	-46.721317	-9.572421	16.214401	-47.163483	-8.605541	19.798941	-46.56469	-9.583906	16.506439
-45.240025	-9.730327	21.161743	-45.0634	-9.086609	14.329329	-46.784302	-9.624073	16.167639	-47.37748	-8.843357	21.068214	-46.648533	-9.612258	16.54718
-44.899567	-9.683183	20.963461	-45.145962	-9.107476	14.357059	-46.789776	-9.61764	16.172638	-47.640724	-9.117005	21.987671	-46.601986	-9.569095	16.602486
-44.886536	-9.712225	20.725824	-45.213829	-9.140206	14.324358	-46.877239	-9.664593	16.176195	-47.889168	-9.417666	22.498341	-46.643913	-9.591351	16.606026
-44.852474	-9.66492	20.629587	-45.224598	-9.131562	14.285102	-46.862946	-9.666712	16.160557	-48.044662	-9.701905	22.64698	-46.56303	-9.544845	16.612331
-44.918945	-9.626701	20.721462	-45.37793	-9.170489	14.285613	-46.927391	-9.696104	16.181549	-47.991394	-9.844289	22.566544	-46.581833	-9.559097	16.590118
-45.129284	-9.58611	21.039274	-45.416908	-9.184071	14.214794	-46.899956	-9.702394	16.144793	-47.686485	-9.782047	22.464184	-46.489082	-9.510273	16.567684
-45.345371	-9.550819	21.436302	-45.565819	-9.225433	14.257971	-46.889481	-9.699333	16.157837	-47.276756	-9.745174	22.251932	-46.492023	-9.524429	16.552702
-45.533802	-9.536416	21.772249	-45.673882	-9.264594	14.247462	-46.869465	-9.707248	16.090111	-46.836357	-9.705173	22.009487	-46.407478	-9.48044	16.529915
-45.683407	-9.535955	21.955069	-45.752102	-9.293908	14.212107	-46.77346	-9.675119	16.067574	-46.601871	-9.66891	21.869389	-46.424847	-9.495976	16.522316
-45.781158	-9.528728	21.94821	-45.871895	-9.321879	14.253775	-46.746647	-9.673067	16.004068	-46.26897	-9.60626	21.738293	-46.367546	-9.460065	16.516651
-45.84021	-9.508035	21.753839	-45.94627	-9.352947	14.198305	-46.624561	-9.633099	15.928972	-46.112415	-9.579614	21.679764	-46.417603	-9.485738	16.525963
-45.891281	-9.484578	21.370928	-45.997822	-9.355669	14.21167	-46.495296	-9.596796	15.850547	-45.837952	-9.549255	21.592756	-46.384529	-9.458562	16.535431
-45.926289	-9.454172	20.810654	-46.099674	-9.409261	14.202986	-46.453072	-9.558412	15.828876	-45.816284	-9.575512	21.423279	-46.452003	-9.492297	16.550064
-45.915493	-9.388713	20.173746	-46.092697	-9.408842	14.182156	-46.337204	-9.524624	15.734828	-45.718166	-9.558041	21.298567	-46.435158	-9.471921	16.565546
-45.890285	-9.289397	19.573784	-46.18972	-9.461525	14.184396	-46.283802	-9.483012	15.768229	-45.613876	-9.542273	21.199217	-46.50798	-9.511036	16.578472
-45.871212	-9.199643	19.018387	-46.167362	-9.463756	14.150126	-46.270111	-9.477477	15.758907	-45.563881	-9.525996	21.1626	-46.487263	-9.491282	16.587019
-45.86726	-9.114038	18.517406	-46.163277	-9.478169	14.129457	-46.209053	-9.44507	15.789013	-45.530193	-9.480195	21.204668	-46.550087	-9.529788	16.59166
-45.775608	-9.076984	18.207382	-46.152115	-9.467425	14.169684	-46.242527	-9.438731	15.803503	-45.429913	-9.424758	21.251202	-46.524403	-9.50978	16.594206
-45.759289	-9.066283	17.966125	-46.143436	-9.474815	14.124083	-46.28915	-9.435631	15.804943	-45.398811	-9.377168	21.33287	-46.581139	-9.546134	16.592182
-45.689716	-9.022829	17.624149	-46.044586	-9.429139	14.117169	-46.276402	-9.413663	15.81106	-45.417061	-9.342382	21.437387	-46.546246	-9.522409	16.587072
-45.673763	-8.992558	17.347902	-46.071106	-9.442917	14.156223	-46.370308	-9.437639	15.895368	-45.356544	-9.300138	21.443668	-46.597103	-9.556982	16.582693
-45.674767	-8.966328	17.105591	-46.015064	-9.41937	14.121717	-46.404289	-9.437543	15.960687	-45.291431	-9.269351	21.305277	-46.560947	-9.533065	16.577965
-45.678249	-8.944035	16.860029	-46.096565	-9.435838	14.235747	-46.477367	-9.465609	16.055279	-45.341259	-9.236415	21.011436	-46.607693	-9.564818	16.57176
-45.656284	-8.912069	16.630962	-46.079411	-9.446321	14.212067	-46.573303	-9.486791	16.117922	-45.332104	-9.184942	20.484213	-46.568027	-9.537911	16.566843
-45.663975	-8.897133	16.429401	-46.175125	-9.458157	14.289168	-46.67144	-9.518705	16.154282	-45.347733	-9.113287	19.895481	-46.614998	-9.56951	16.564577
-45.631935	-8.869595	16.233768	-46.206356	-9.490764	14.273756	-46.740494	-9.546491	16.221035	-45.365765	-9.049646	19.342379	-46.576153	-9.542628	16.563932
-45.624798	-8.860408	16.053598	-46.255005	-9.500484	14.307438	-46.829655	-9.594559	16.243776	-45.426983	-8.988799	18.861238	-46.620884	-9.571972	16.561739
-45.56316	-8.830606	15.875454	-46.303043	-9.519996	14.335773	-46.864502	-9.612995	16.292284	-45.472801	-8.941538	18.400131	-46.582245	-9.543624	16.563826
-45.530464	-8.823586	15.708501	-46.335907	-9.527593	14.31707	-46.903103	-9.658767	16.283892	-45.520763	-8.891032	17.983122	-46.629539	-9.573826	16.565075
-45.436012	-8.789704	15.545246	-46.38567	-9.527399	14.382892	-46.879814	-9.651843	16.293592	-45.52232	-8.861321	17.64234	-46.588699	-9.54438	16.568861
-45.264053	-8.749193	15.248635	-46.39394	-9.543734	14.328009	-46.833439	-9.673805	16.24931	-45.52787	-8.858965	17.43062	-46.632858	-9.573514	16.570095
-45.195618	-8.745059	15.11533	-46.402916	-9.513362	14.381104	-46.714817	-9.639446	16.229784	-45.557716	-8.863007	17.209274	-46.593304	-9.544162	16.576031
-45.065464	-8.708778	14.984053	-46.439034	-9.540908	14.358081	-46.637695	-9.642534	16.178984	-45.573315	-8.857165	16.980181	-46.638592	-9.573486	16.57789
-44.993107	-8.706268	14.867599	-46.385338	-9.502898	14.361818	-46.46175	-9.585941	16.1509	-45.580742	-8.851898	16.769775	-46.594646	-9.542239	16.58201
-44.865253	-8.672772	14.752221	-46.390755	-9.52675	14.352673	-46.381142	-9.577672	16.120447	-45.600914	-8.854832	16.584719	-46.637936	-9.571435	16.584644
-44.833366	-8.686221	14.659035	-46.288677	-9.487301	14.347499	-46.234058	-9.521502	16.095499	-45.615429	-8.855453	16.410507	-46.596554	-9.541826	16.590197
-44.799538	-8.687067	14.55828	-46.261723	-9.494698	14.320777	-46.171108	-9.503534	16.084154	-45.643967	-8.868116	16.250687	-46.639252	-9.57008	16.591072
-44.810242	-8.689834	14.498247	-46.201294	-9.468947	14.358958	-46.066376	-9.454047	16.070194	-45.660988	-8.873796	16.110245	-46.594707	-9.538755	16.594069
-44.758938	-8.677687	14.418819	-46.166637	-9.464111	14.339793	-46.095409	-9.448596	16.061729	-45.69939	-8.898219	15.970428	-46.638046	-9.568059	16.596163
-44.747902	-8.680717	14.35563	-46.103626	-9.426023	14.37394	-46.003819	-9.397943	16.049774	-45.71003	-8.906466	15.84819	-46.595745	-9.538528	16.600115
-44.721481	-8.675209	14.305576	-46.117374	-9.446727	14.397812	-46.096031	-9.401807	16.092199	-45.742676	-8.942616	15.723596	-46.637104	-9.566583	16.598852
-44.741077	-8.677835	14.274342	-46.020687	-9.412119	14.403438	-46.089432	-9.380387	16.08285	-45.711075	-8.951041	15.617633	-46.594418	-9.536211	16.601944
-44.705585	-8.664307	14.21979	-46.13092	-9.452822	14.49795	-46.131268	-9.376942	16.116327	-45.706261	-8.996262	15.497863	-46.638508	-9.565989	16.601896
-44.735867	-8.677279	14.201065	-46.110897	-9.460143	14.505433	-46.189281	-9.38383	16.130291	-45.642899	-8.992732	15.384451	-46.595928	-9.536206	16.605276
-44.716938	-8.665225	14.165855	-46.228718	-9.495043	14.637794	-46.229443	-9.392365	16.138807	-45.615559	-9.031179	15.255971	-46.637527	-9.565213	16.602243
-44.747681	-8.679049	14.151636	-46.237877	-9.523467	14.64214	-46.320827	-9.416853	16.215948	-45.523239	-9.012323	15.144281	-46.596561	-9.535688	16.606323
-44.721733	-8.667959	14.109206	-46.33334	-9.544606	14.765054	-46.361107	-9.452435	16.207655	-45.475449	-9.03953	15.015498	-46.64109	-9.56609	16.603977
-44.747429	-8.693986	14.110367	-46.387932	-9.5752	14.79701	-46.441662	-9.462797	16.275908	-45.358406	-9.007127	14.90715	-46.597549	-9.535639	16.606527
-44.707062	-8.683993	14.061412	-46.456192	-9.584903	14.878326	-46.501499	-9.520696	16.227934	-45.293182	-9.023873	14.789728	-46.640377	-9.566071	16.603703
-44.720276	-8.714578	14.053004	-46.506702	-9.604625	14.912869	-46.517097	-9.513259	16.266132	-45.16655	-8.984443	14.699133	-46.599621	-9.537117	16.607649
-44.719448	-8.731336	13.983681	-46.533649	-9.609699	14.940804	-46.552429	-9.573703	16.200108	-45.118736	-8.997584	14.614437	-46.643265	-9.567327	16.604053
-44.745148	-8.74757	13.942687	-46.538548	-9.603419	14.951786	-46.486717	-9.547792	16.216572	-45.012733	-8.958875	14.547111	-46.599613	-9.5368	16.606026
-44.76062	-8.770717	13.889958	-46.508194	-9.598423	14.940108	-46.495598	-9.591529	16.173355	-44.992153	-8.976511	14.49399	-46.643326	-9.567766	16.603537
-44.774246	-8.795582	13.846282	-46.447609	-9.562666	14.937931	-46.389824	-9.556017	16.165707	-44.922951	-8.945305	14.454306	-46.602077	-9.53888	16.607069
-44.784592	-8.811505	13.82016	-46.398109	-9.54985	14.919679	-46.358891	-9.569658	16.142159	-44.919682	-8.967431	14.418279	-46.644371	-9.568596	16.602365
-44.831013	-8.836178	13.841637	-46.304161	-9.505113	14.922624	-46.299927	-9.535217	16.148489	-44.875656	-8.947756	14.392622	-46.601761	-9.538339	16.60498
-44.776489	-8.842408	13.754847	-46.239769	-9.48983	14.91347	-46.259403	-9.53958	16.102476	-44.924992	-8.988427	14.356	-46.645954	-9.569359	16.602062
-44.847809	-8.861769	13.774176	-46.14571	-9.443148	14.936778	-46.235912	-9.501637	16.113331	-44.926224	-8.986153	14.341719	-46.603432	-9.539736	16.605085
-44.920467	-8.886932	13.772269	-46.09269	-9.429781	14.94661	-46.283905	-9.510889	16.076319	-45.004906	-9.040218	14.302368	-46.644981	-9.569423	16.600206
-44.927814	-8.889201	13.709126	-46.016426	-9.388409	14.98803	-46.232796	-9.467685	16.083015	-45.032433	-9.045853	14.30857	-46.603394	-9.539584	16.603788
-45.024693	-8.895241	13.766409	-45.992306	-9.380972	15.020234	-46.291962	-9.483537	16.068102	-45.131565	-9.110562	14.321836	-46.647572	-9.570321	16.600601
-45.12001	-8.926034	13.744263	-45.952507	-9.348098	15.092644	-46.336002	-9.46032	16.064034	-45.120865	-9.121719	14.288203	-46.603558	-9.539802	16.602835
-45.209774	-8.932837	13.758526	-45.978355	-9.363423	15.137084	-46.38422	-9.467765	16.023661	-45.262783	-9.180717	14.304541	-46.64534	-9.569849	16.599171
-45.368019	-8.9833	13.786463	-45.960121	-9.342042	15.234503	-46.440632	-9.47375	16.112629	-45.354206	-9.210101	14.310117	-46.603863	-9.540449	16.603067
-45.454514	-9.00928	13.745218	-46.037651	-9.37516	15.312379	-46.458767	-9.500415	16.097509	-45.43943	-9.246014	14.274728	-46.647053	-9.570485	16.599581
-45.597839	-9.062382	13.775181	-46.032482	-9.371921	15.416136	-46.50359	-9.492508	16.182203	-45.545959	-9.261721	14.309464	-46.60231	-9.539508	16.601372
-45.639812	-9.097485	13.718572	-46.15221	-9.421481	15.517737	-46.544685	-9.534985	16.149879	-45.681522	-9.313306	14.299647	-46.644855	-9.569883	16.59914
-45.725094	-9.136034	13.720699	-46.191925	-9.434502	15.644206	-46.499493	-9.508796	16.184565	-45.80695	-9.343015	14.336307			
-45.708694	-9.151973	13.661069	-46.275684	-9.488986	15.746932	-46.547256	-9.546359	16.155392	-45.939388	-9.400302	14.309126			
-45.693066	-9.164263	13.652024	-46.336651	-9.502963	15.856763	-46.46804	-9.515352	16.156273	-46.025215	-9.423727	14.320065			
-45.617699	-9.150782	13.62018	-46.432919	-9.548906	15.91995	-46.522945	-9.541461	16.16292	-46.114738	-9.472949	14.292558			
-45.534119	-9.138704	13.591367	-46.506817	-9.554477	16.024961	-46.519108	-9.529266	16.139977	-46.138584	-9.472023	14.283897			
-45.438225	-9.106325	13.58664	-46.585579	-9.601595	16.054052	-46.484116	-9.524659	16.115004	-46.1749	-9.497271	14.261587			
-45.362179	-9.085671	13.581432	-46.598492	-9.586881	16.144043	-46.506611	-9.525285	16.120638	-46.140717	-9.478958	14.235897			
-45.264107	-9.053012	13.556425	-46.639233	-9.631971	16.14716	-46.495876	-9.522019	16.07604	-46.119473	-9.476383	14.222216			
-45.180729	-9.019918	13.554911	-46.585411	-9.605254	16.205141	-46.548084	-9.522295	16.136654	-46.05489	-9.44454	14.212455			
-45.130138	-8.999036	13.583194	-46.592411	-9.642022	16.201479	-46.488396	-9.530699	16.076654	-46.008163	-9.431707	14.196635			
-45.102577	-8.995738	13.555018	-46.502354	-9.612936	16.223352	-46.486866	-9.512728	16.1248	-45.930695	-9.390833	14.181352			
-45.078224	-8.978421	13.539731	-46.491829	-9.63615	16.213459	-46.470318	-9.531899	16.065689	-45.929173	-9.382221	14.223273			
-45.122089	-8.971951	13.584906	-46.422977	-9.609478	16.225674	-46.410778	-9.503395	16.068113	-45.879562	-9.36048	14.188505			
-45.16172	-8.973198	13.580296	-46.397739	-9.623876	16.192762	-46.412411	-9.515894	16.024033	-45.826981	-9.330939	14.196656			
-45.25565	-8.978011	13.644782	-46.345619	-9.601793	16.155788	-46.386223	-9.49325	16.016888	-45.835411	-9.31871	14.24061			
-45.28933	-8.983944	13.60065	-46.286312	-9.571583	16.144453	-46.329353	-9.494284	15.971415	-45.820992	-9.295971	14.213018			
-45.4062	-9.001881	13.677888	-46.363743	-9.5964	16.111757	-46.347466	-9.484607	15.952965	-45.895065	-9.289349	14.317397			
-45.492229	-9.03354	13.665377	-46.325893	-9.579131	16.089403	-46.316326	-9.479928	15.878036	-45.87854	-9.283686	14.273376			
-45.545898	-9.045145	13.664397	-46.457237	-9.620818	16.089371	-46.406399	-9.472785	15.891433	-45.958588	-9.257537	14.3557			
-45.622753	-9.075686	13.694767	-46.447605	-9.62479	16.05649	-46.388515	-9.482508	15.803231	-45.98304	-9.264994	14.309141			
-45.630154	-9.082657	13.659136	-46.539265	-9.659738	16.082815	-46.430752	-9.475883	15.897875	-46.041885	-9.244291	14.400919			
-45.66164	-9.089594	13.679091	-46.574036	-9.672676	16.098675	-46.428528	-9.506661	15.84142	-46.042351	-9.26102	14.346442			
-45.699696	-9.113174	13.696144	-46.610775	-9.692513	16.103167	-46.411919	-9.482345	15.923771	-46.085133	-9.235885	14.424097			
-45.652454	-9.10581	13.661356	-46.657932	-9.691221	16.136284	-46.474834	-9.531804	15.870398	-46.050484	-9.249534	14.358777			
-45.713032	-9.134205	13.714507	-46.658474	-9.704519	16.099726	-46.416557	-9.496164	15.909382	-46.033096	-9.212881	14.408451			
-45.746826	-9.168571	13.711967	-46.654457	-9.67831	16.121233	-46.519741	-9.541816	15.911766	-45.973408	-9.21749	14.357173			
-45.74292	-9.176791	13.681103	-46.652748	-9.695666	16.059336				-45.905758	-9.176507	14.381525			
-45.817799	-9.206211	13.774015	-46.582195	-9.653377	16.072224				-45.831295	-9.173839	14.344732			
-45.857784	-9.22314	13.742146	-46.551979	-9.672082	16.02037				-45.76511	-9.143223	14.363566			
-45.918495	-9.225992	13.806899	-46.447697	-9.627986	16.023056				-45.690239	-9.128716	14.335224			
-45.996841	-9.266579	13.791793	-46.411915	-9.636608	15.987983				-45.643414	-9.106568	14.359688			
-46.013519	-9.263761	13.794551	-46.341389	-9.597803	16.001448				-45.619595	-9.107092	14.358927			
-46.119015	-9.318887	13.838463	-46.322365	-9.604634	15.960732				-45.577049	-9.085488	14.359397			
-46.067631	-9.325609	13.79091	-46.249508	-9.560793	15.97718				-45.608643	-9.094717	14.382431			
-46.160732	-9.363527	13.829537	-46.300171	-9.579002	15.971769				-45.654995	-9.110897	14.397259			
-46.127575	-9.378182	13.792937	-46.232784	-9.550812	15.980297				-45.684906	-9.118579	14.386228			
-46.158062	-9.400826	13.836374	-46.349564	-9.582513	16.009802				-45.780384	-9.145716	14.446387			
-46.05938	-9.38954	13.789943	-46.362499	-9.582734	16.026464				-45.880394	-9.175669	14.453505			
-46.037495	-9.392507	13.785916	-46.4263	-9.609868	16.051294				-45.929558	-9.19655	14.46164			
-45.924576	-9.360398	13.769992	-46.473866	-9.611933	16.042814				-46.06105	-9.263068	14.489424			
-45.852165	-9.349072	13.753199	-46.532574	-9.631907	16.059883				-46.109688	-9.307594	14.46853			
-45.7271	-9.298506	13.755129	-46.58955	-9.643416	16.117311				-46.253708	-9.399112	14.51814			
-45.668919	-9.284061	13.758166	-46.622646	-9.673824	16.122173				-46.279518	-9.458088	14.497226			
-45.55077	-9.235542	13.743078	-46.644249	-9.66575	16.18054				-46.410408	-9.535475	14.512474			
-45.515995	-9.220381	13.767146	-46.687428	-9.705158	16.146095				-46.450577	-9.586616	14.511167			
-45.449974	-9.182475	13.778879	-46.630344	-9.678182	16.180294				-46.528969	-9.641787	14.532805			
-45.427624	-9.17198	13.770152	-46.677406	-9.723795	16.164089				-46.525589	-9.653138	14.541453			
-45.420414	-9.145753	13.818995	-46.586914	-9.699972	16.167143				-46.542183	-9.679601	14.524797			
-45.494213	-9.152273	13.856299	-46.635632	-9.732181	16.168917				-46.476425	-9.647877	14.541636			
-45.489868	-9.131076	13.833709	-46.607552	-9.719708	16.172974				-46.484528	-9.661411	14.563395			
-45.616245	-9.156752	13.909277	-46.56609	-9.725875	16.14587				-46.355793	-9.618701	14.561286			
-45.691864	-9.180234	13.904522	-46.571358	-9.701344	16.132637				-46.36874	-9.619355	14.600039			
-45.821079	-9.219242	13.955059	-46.550037	-9.687913	16.058809				-46.313145	-9.588048	14.645948			
-45.904076	-9.255461	13.950365	-46.595261	-9.654244	16.046991				-46.258568	-9.574052	14.66342			
-45.992527	-9.295236	13.96446	-46.608379	-9.655013	15.967058				-46.249008	-9.539582	14.752526			
-46.049885	-9.325115	13.972747	-46.616222	-9.627075	16.028065				-46.259571	-9.534238	14.771789			
-46.095314	-9.354457	13.961213	-46.648842	-9.654721	15.98213				-46.266956	-9.502155	14.883341			
-46.111183	-9.363544	13.971312	-46.622078	-9.623664	16.040947				-46.278851	-9.512202	14.885924			
-46.130424	-9.386758	13.961335	-46.705399	-9.669805	16.001305				-46.282921	-9.472379	14.985785			
-46.1096	-9.377535	13.959671	-46.638523	-9.641527	16.025507				-46.303696	-9.489103	14.976629			
-46.147491	-9.398897	13.993837	-46.735554	-9.697831	16.045498				-46.250248	-9.441791	15.02796			
-46.141178	-9.400967	13.975908	-46.678829	-9.689817	16.053469				-46.259754	-9.464604	15.042397			
-46.155144	-9.406799	13.995056	-46.714615	-9.718988	16.080496				-46.18364	-9.424396	15.083118			
-46.186665	-9.413393	14.026483	-46.720467	-9.710684	16.10149				-46.19878	-9.443235	15.089375			
-46.206993	-9.417056	14.005787	-46.69458	-9.714005	16.076281				-46.196503	-9.429513	15.155371			
-46.261185	-9.421782	14.069704	-46.710617	-9.686113	16.129663				-46.208302	-9.441774	15.149101			
-46.308033	-9.437931	14.05031							-46.216949	-9.423752	15.237906			
-46.326672	-9.432651	14.070311							-46.281017	-9.46525	15.241427			
-46.373928	-9.461713	14.073991							-46.249882	-9.444254	15.299314			
-46.360527	-9.45278	14.061804							-46.366657	-9.503081	15.335657			
-46.392086	-9.477336	14.078643							-46.38187	-9.506502	15.370553			
-46.387672	-9.480517	14.080369							-46.507698	-9.56045	15.458038			
-46.378975	-9.485648	14.074833							-46.505714	-9.584258	15.470006			
-46.388519	-9.484239	14.117419							-46.621223	-9.627855	15.544496			
-46.38982	-9.489727	14.094898							-46.634434	-9.653744	15.531697			
-46.390774	-9.476285	14.124962							-46.702793	-9.677174	15.56926			
-46.424366	-9.489517	14.136993							-46.697987	-9.68891	15.548342			
-46.391506	-9.473604	14.110533							-46.703251	-9.696139	15.547389			
-46.43898	-9.495578	14.164735							-46.680386	-9.686172	15.541085			
-46.433716	-9.4976	14.14517							-46.651016	-9.682523	15.499779			
-46.456676	-9.511242	14.163152							-46.593449	-9.645391	15.484857			
-46.475193	-9.524076	14.182889							-46.589275	-9.645324	15.480606			
-46.480949	-9.529401	14.168585							-46.470913	-9.607691	15.446488			
-46.490578	-9.529248	14.200514							-46.496857	-9.610983	15.468293			
-46.511734	-9.545169	14.194538							-46.444534	-9.588949	15.4582			
-46.487091	-9.530051	14.188699							-46.420387	-9.584355	15.464713			
-46.530891	-9.552038	14.233069							-46.406998	-9.568083	15.494764			
-46.509182	-9.548877	14.199625							-46.433624	-9.573152	15.498899			
-46.529243	-9.555423	14.241111							-46.464115	-9.565104	15.5908			
-46.52235	-9.556903	14.235353							-46.46693	-9.591443	15.58153			
-46.508858	-9.551783	14.227708							-46.468361	-9.56034	15.670219			
-46.510666	-9.547777	14.262496							-46.5242	-9.605131	15.637745			
-46.51844	-9.547045	14.259695							-46.462101	-9.56467	15.695984			
-46.480396	-9.527398	14.251405							-46.485626	-9.61522	15.667637			
-46.512222	-9.545837	14.285135							-46.391018	-9.573947	15.705325			
-46.485676	-9.535264	14.261545							-46.407372	-9.61069	15.688332			
-46.545387	-9.561682	14.322065							-46.308376	-9.570133	15.710686			
-46.552391	-9.575023	14.300677							-46.335522	-9.597956	15.708128			
-46.563251	-9.581416	14.321362							-46.258801	-9.562951	15.727212			
-46.568394	-9.585454	14.338881							-46.306385	-9.588348	15.727295			
-46.557842	-9.583252	14.318213							-46.258656	-9.554689	15.744973			
-46.554379	-9.571212	14.351371							-46.311157	-9.581474	15.769585			
-46.560875	-9.573072	14.345813							-46.269825	-9.551728	15.800776			
-46.506824	-9.546724	14.33136							-46.328716	-9.581513	15.839967			
-46.530758	-9.563703	14.371387							-46.305431	-9.556698	15.888494			
-46.499348	-9.550464	14.352481							-46.384209	-9.589969	15.917314			
-46.527607	-9.565232	14.386855							-46.380749	-9.569562	15.967216			
-46.535931	-9.573397	14.392514							-46.464863	-9.609433	15.996329			
-46.53706	-9.574203	14.389624							-46.456772	-9.590611	16.045416			
-46.560383	-9.577397	14.43475							-46.545799	-9.63609	16.058147			
-46.564667	-9.581809	14.409158							-46.537846	-9.616952	16.092897			
-46.54985	-9.561982	14.431686							-46.623688	-9.664557	16.114481			
-46.575066	-9.576142	14.44291							-46.591148	-9.647891	16.142855			
-46.53051	-9.555618	14.41806							-46.682587	-9.693486	16.152042			
-46.546616	-9.567731	14.456947							-46.650822	-9.677526	16.166922			
-46.530628	-9.56037	14.456314							-46.725178	-9.719786	16.179804			
-46.539932	-9.562922	14.494345							-46.684746	-9.700961	16.181604			
-46.551064	-9.568877	14.478379							-46.735706	-9.732811	16.184763			
-46.564968	-9.565136	14.520183							-46.701324	-9.708736	16.190626			
-46.586109	-9.583458	14.505087							-46.736675	-9.734022	16.177889			
-46.563339	-9.565464	14.513787							-46.700985	-9.706513	16.192171			
-46.588795	-9.587213	14.529932							-46.738571	-9.730851	16.172451			
-46.548256	-9.572656	14.512705							-46.696804	-9.697042	16.184822			
-46.542782	-9.579203	14.532914							-46.734451	-9.728706	16.166161			
-46.523098	-9.568841	14.551195							-46.677162	-9.69136	16.174326			
-46.514038	-9.56845	14.541161							-46.735252	-9.724804	16.175522			
-46.522499	-9.561694	14.592359							-46.672112	-9.695711	16.177795			
-46.539288	-9.568544	14.580582							-46.739227	-9.729092	16.189766			
-46.523262	-9.551418	14.603952							-46.684574	-9.70562	16.187937			
-46.525902	-9.557606	14.609557							-46.743198	-9.735501	16.197073			
-46.570831	-9.584883	14.651412							-46.70517	-9.715921	16.193798			
-46.562912	-9.585733	14.64808							-46.73962	-9.736784	16.193285			
-46.568104	-9.592972	14.665326							-46.71291	-9.712638	16.207417			
-46.577358	-9.5928	14.701526							-46.747658	-9.734771	16.186525			
-46.581573	-9.596629	14.685695							-46.718594	-9.704801	16.210978			
-46.591919	-9.586589	14.73514							-46.770603	-9.734771	16.196806			
-46.614719	-9.598843	14.724517							-46.718067	-9.70158	16.209417			
-46.575176	-9.574841	14.729609							-46.784718	-9.741329	16.2047			
-46.603054	-9.601154	14.756546							-46.731625	-9.713442	16.205381			
-46.568073	-9.583731	14.752209							-46.805481	-9.752796	16.223944			
-46.594368	-9.604644	14.784276							-46.743389	-9.732594	16.216427			
-46.591805	-9.606175	14.800514							-46.804089	-9.759425	16.223618			
-46.595306	-9.611477	14.806229							-46.759346	-9.737076	16.209187			
-46.612202	-9.610456	14.857862							-46.785904	-9.75666	16.204081			
-46.621952	-9.61839	14.839035							-46.74091	-9.729227	16.20302			
-46.611801	-9.598509	14.87889							-46.769981	-9.74588	16.191126			
-46.636757	-9.616475	14.880788							-46.726692	-9.714273	16.195356			
-46.590675	-9.590791	14.876425							-46.768921	-9.742258	16.189468			
-46.610355	-9.610553	14.91008							-46.718193	-9.709066	16.1943			
-46.581997	-9.594983	14.91532							-46.785179	-9.74288	16.210537			
-46.592964	-9.605786	14.930557							-46.731361	-9.719122	16.211386			
-46.596905	-9.604491	14.968737							-46.804546	-9.75177	16.230888			
-46.610786	-9.612864	14.965879							-46.748997	-9.73161	16.223303			
-46.62727	-9.608422	15.019538							-46.810047	-9.760312	16.234127			
-46.644493	-9.624742	14.997929							-46.760139	-9.738434	16.212791			
-46.620846	-9.600987	15.025017							-46.789501	-9.756929	16.216232			
-46.651405	-9.625919	15.037848							-46.741692	-9.728583	16.206253			
-46.610497	-9.605137	15.033162							-46.765079	-9.74518	16.194536			
-46.622952	-9.621238	15.060407							-46.719193	-9.714123	16.196268			
-46.60363	-9.608374	15.074117							-46.759541	-9.735175	16.193632			
-46.61121	-9.61609	15.073555							-46.705734	-9.703802	16.193701			
-46.619331	-9.611506	15.121442							-46.7654	-9.735902	16.201588			
-46.646183	-9.613598	15.159896							-46.716812	-9.70988	16.200855			
-46.66819	-9.636741	15.145266							-46.78772	-9.744381	16.222322			
-46.637531	-9.611929	15.161645							-46.732891	-9.724636	16.21422			
-46.66851	-9.638322	15.176706							-46.792309	-9.751471	16.22613			
-46.633305	-9.621212	15.175324							-46.751881	-9.729369	16.214357			
-46.639179	-9.633901	15.195189							-46.784561	-9.75054	16.212368			
-46.625423	-9.621581	15.219327							-46.746246	-9.725997	16.213102			
-46.634373	-9.628737	15.214057							-46.779202	-9.744395	16.200714			
-46.642941	-9.620622	15.263976							-46.743149	-9.715237	16.208773			
-46.667267	-9.634618	15.250624							-46.782368	-9.743033	16.194611			
-46.654762	-9.617054	15.288123							-46.733902	-9.708253	16.199167			
-46.676441	-9.643004	15.282793							-46.792271	-9.741796	16.207945			
-46.640873	-9.617311	15.29555							-46.735359	-9.714833	16.209686			
-46.673378	-9.64354	15.31751							-46.806507	-9.748766	16.223053			
-46.645596	-9.629823	15.319771							-46.750912	-9.726973	16.216774			
-46.652775	-9.641139	15.336079							-46.814079	-9.758587	16.230309			
-46.644722	-9.63012	15.365614							-46.762665	-9.736747	16.209856			
-46.657845	-9.638856	15.35892							-46.79277	-9.756789	16.215298			
-46.665638	-9.628604	15.410662							-46.748722	-9.729605	16.209604			
-46.693729	-9.645321	15.399076							-46.772449	-9.746118	16.195457			
-46.670418	-9.624241	15.427732							-46.731483	-9.71574	16.203564			
-46.695564	-9.653019	15.429153							-46.772541	-9.737416	16.195496			
-46.659904	-9.628681	15.438352							-46.721607	-9.70448	16.199341			
-46.695442	-9.655669	15.46518							-46.77832	-9.738519	16.201838			
-46.670406	-9.643984	15.469132							-46.728973	-9.70986	16.205736			
-46.680096	-9.655492	15.487429							-46.799812	-9.746684	16.223789			
-46.672081	-9.645019	15.513816							-46.742897	-9.725152	16.221291			
-46.685776	-9.653605	15.506067							-46.80624	-9.754841	16.229919			
-46.688213	-9.641513	15.552742							-46.759335	-9.731548	16.219904			
-46.715393	-9.657967	15.54264							-46.793888	-9.755322	16.217791			
-46.686775	-9.634894	15.567454							-46.750736	-9.729625	16.215176			
-46.713299	-9.663683	15.573846							-46.780132	-9.747615	16.202929			
-46.677162	-9.639467	15.579893							-46.741505	-9.717533	16.211647			
-46.715591	-9.66618	15.609248							-46.775623	-9.742943	16.195259			
-46.688728	-9.654125	15.609668							-46.728764	-9.707223	16.201757			
-46.70108	-9.666047	15.631877							-46.782925	-9.738477	16.206659			
-46.688831	-9.654883	15.653152							-46.726074	-9.709374	16.210699			
-46.701447	-9.651183	15.689347							-46.795921	-9.743894	16.221783			
-46.72707	-9.665732	15.680696							-46.74379	-9.721008	16.217447			
-46.698673	-9.643082	15.703736							-46.809586	-9.754516	16.233496			
-46.724304	-9.670126	15.709718							-46.756363	-9.7336	16.21809			
-46.688484	-9.645782	15.71757							-46.79525	-9.755776	16.221865			
-46.730362	-9.672323	15.749112							-46.755234	-9.730843	16.217268			
-46.700924	-9.658565	15.745296							-46.781689	-9.749031	16.202875			
-46.718174	-9.672122	15.771888							-46.742077	-9.719755	16.21114			
-46.697464	-9.659122	15.78228							-46.780975	-9.741657	16.199095			
-46.711067	-9.667689	15.784496							-46.733894	-9.708526	16.202145			
-46.706001	-9.657075	15.817208							-46.785141	-9.742359	16.200867			
-46.729641	-9.669479	15.812997							-46.733795	-9.712066	16.205322			
-46.706627	-9.649444	15.837461							-46.804287	-9.748511	16.220995			
-46.730606	-9.673555	15.837353							-46.747086	-9.726296	16.218058			
-46.697777	-9.64859	15.847733							-46.813133	-9.757057	16.230915			
-46.742401	-9.675364	15.877978							-46.75946	-9.734841	16.219547			
-46.707664	-9.66063	15.879555							-46.80267	-9.759575	16.220928			
-46.742443	-9.679617	15.911036							-46.756889	-9.735835	16.211401			
-46.715107	-9.666455	15.910411							-46.78495	-9.753456	16.204218			
-46.733677	-9.679108	15.923622							-46.743774	-9.724178	16.207989			
-46.720215	-9.670057	15.941203							-46.772915	-9.746214	16.191229			
-46.735371	-9.678885	15.940602							-46.727695	-9.711601	16.20068			
-46.717857	-9.662145	15.966628							-46.777004	-9.739778	16.20009			
-46.738266	-9.680272	15.961773							-46.720676	-9.708529	16.206446			
-46.708778	-9.655169	15.976781							-46.787689	-9.743728	16.213778			
-46.751598	-9.679365	15.999491							-46.737305	-9.718829	16.214231			
-46.710823	-9.660827	16.00176							-46.808449	-9.755158	16.23414			
-46.759811	-9.685327	16.036816							-46.748482	-9.734706	16.223644			
-46.724224	-9.674047	16.035381							-46.802414	-9.759829	16.227451			
-46.767334	-9.694615	16.065163							-46.759216	-9.736179	16.217579			
-46.742485	-9.687615	16.060217							-46.787403	-9.756293	16.209291			
-46.752613	-9.696054	16.072075							-46.741905	-9.72704	16.20924			
-46.723454	-9.680117	16.073812							-46.774227	-9.746329	16.197367			
-46.730934	-9.687584	16.069336							-46.72921	-9.713491	16.200943			
-46.704597	-9.666774	16.081402							-46.773056	-9.743387	16.196428			
-46.734608	-9.679466	16.093857							-46.722263	-9.710599	16.201424			
-46.691608	-9.65649	16.097523							-46.788025	-9.744602	16.214455			
-46.742634	-9.682876	16.129679							-46.734123	-9.720089	16.215353			
-46.718716	-9.6696	16.134441							-46.80275	-9.752216	16.229862			
-46.747372	-9.694152	16.188377							-46.749279	-9.729989	16.22283			
-46.789799	-9.711121	16.216652							-46.803509	-9.757923	16.227119			
-46.763531	-9.700869	16.201935							-46.75956	-9.735598	16.216137			
-46.734478	-9.68985	16.198164							-46.790081	-9.754918	16.212101			
-46.739197	-9.692999	16.20211							-46.75079	-9.726614	16.214111			
-46.696884	-9.669799	16.194778							-46.778461	-9.746986	16.194696			
-46.709404	-9.678694	16.205086							-46.737602	-9.714234	16.207245			
-46.674294	-9.654259	16.203476							-46.783665	-9.740535	16.199854			
-46.71183	-9.668995	16.233894							-46.729691	-9.707845	16.206141			
-46.679489	-9.652574	16.234013							-46.79216	-9.743776	16.208906			
-46.716442	-9.668705	16.264284							-46.742664	-9.717159	16.210007			
-46.692699	-9.654479	16.26499							-46.813324	-9.754579	16.230684			
-46.729374	-9.6707	16.284342							-46.752048	-9.734049	16.224571			
-46.721119	-9.662702	16.292002							-46.812637	-9.761085	16.229893			
-46.745998	-9.675811	16.292902							-46.764236	-9.737383	16.215179			
-46.738899	-9.662533	16.30916							-46.792015	-9.758549	16.212332			
-46.765079	-9.680012	16.291063							-46.742672	-9.729969	16.205803			
-46.748116	-9.660887	16.306334							-46.76936	-9.746337	16.194689			
-46.778763	-9.683107	16.291578							-46.725235	-9.714738	16.198559			
-46.734898	-9.659225	16.288649							-46.762482	-9.740294	16.189693			
-46.766029	-9.68711	16.284866							-46.713352	-9.705521	16.193014			
-46.724674	-9.667477	16.275927							-46.772839	-9.73744	16.20528			
-46.771107	-9.694099	16.292387							-46.719173	-9.711003	16.208485			
-46.731049	-9.683222	16.277212							-46.790112	-9.744094	16.223392			
-46.760696	-9.699775	16.287134							-46.738701	-9.7221	16.218882			
-46.732265	-9.686677	16.272579							-46.800755	-9.753055	16.230112			
-46.748852	-9.697724	16.267717							-46.756443	-9.731786	16.216103			
-46.734627	-9.685871	16.269524							-46.789368	-9.752931	16.218262			
-46.752068	-9.694345	16.253639							-46.752193	-9.726755	16.218487			
-46.731461	-9.674786	16.261358							-46.780025	-9.745808	16.199984			
-46.755569	-9.693964	16.246243							-46.743748	-9.715914	16.213921			
-46.728497	-9.669248	16.247414							-46.787979	-9.740855	16.201025			
-46.777996	-9.69503	16.262548							-46.737553	-9.707752	16.207872			
-46.73727	-9.678735	16.261412							-46.794014	-9.744017	16.204966			
-46.79425	-9.705579	16.283743							-46.74197	-9.714758	16.207251			
-46.75708	-9.695529	16.273479							-46.811733	-9.752398	16.223928			
-46.803391	-9.718431	16.295801							-46.751484	-9.730656	16.220144			
-46.770046	-9.709139	16.273514							-46.814766	-9.759834	16.228659			
-46.779518	-9.717589	16.279036							-46.764446	-9.736513	16.21492			
-46.740757	-9.699025	16.260094							-46.797138	-9.759266	16.213705			
-46.740631	-9.702224	16.246731							-46.750526	-9.732687	16.208321			
-46.709122	-9.680243	16.240179							-46.777641	-9.749296	16.197779			
-46.727127	-9.686035	16.236113							-46.736027	-9.718598	16.203981			
-46.682087	-9.660227	16.223936							-46.768677	-9.742669	16.189903			
-46.723728	-9.682529	16.24399							-46.72084	-9.706714	16.196663			
-46.697483	-9.666202	16.241776							-46.776733	-9.737578	16.205065			
-46.75737	-9.692071	16.277134							-46.721306	-9.709229	16.209394			
-46.729855	-9.685161	16.270449							-46.792633	-9.743476	16.222425			
-46.769249	-9.701936	16.291246							-46.741016	-9.721086	16.219158			
-46.746994	-9.691408	16.280107							-46.808025	-9.754459	16.235821			
-46.768063	-9.703292	16.282141							-46.756313	-9.73382	16.218855			
-46.749985	-9.690733	16.278845							-46.794758	-9.7559	16.223774			
-46.765301	-9.698766	16.266855							-46.754097	-9.730715	16.217756			
-46.737446	-9.678259	16.266169							-46.780678	-9.748833	16.204353			
-46.754848	-9.694181	16.252745							-46.740742	-9.719776	16.210819			
-46.76754	-9.691416	16.262878							-46.780174	-9.741424	16.199768			
-46.724705	-9.674234	16.257782							-46.732525	-9.708914	16.201828			
-46.776539	-9.699205	16.279285							-46.784382	-9.742528	16.201887			
-46.740685	-9.688256	16.268698							-46.732582	-9.713031	16.203733			
-46.787769	-9.710979	16.292656							-46.802826	-9.748968	16.220922			
-46.759464	-9.702339	16.272297							-46.746014	-9.727587	16.216702			
-46.771423	-9.711726	16.279802							-46.812466	-9.757724	16.230551			
-46.740196	-9.695113	16.265833							-46.75935	-9.735908	16.217094			
-46.74538	-9.699931	16.251032							-46.801846	-9.760075	16.219463			
-46.722347	-9.680506	16.25082							-46.756947	-9.736464	16.209784			
-46.744183	-9.688658	16.242373												
-46.701206	-9.663132	16.233805												
-46.744751	-9.688823	16.248835												
-46.719238	-9.672545	16.247171												
-46.783253	-9.702335	16.284277												
-46.749096	-9.696313	16.280504												
-46.798771	-9.715617	16.299885												
-46.76939	-9.7061	16.280357												
-46.786766	-9.718302	16.28746												
-46.751366	-9.702291	16.266973												
-46.754688	-9.705668	16.259054												
-46.71516	-9.683384	16.245382												
-46.723793	-9.691432	16.235792												
-46.690655	-9.666835	16.228029												
-46.728039	-9.681761	16.241512												
-46.689556	-9.663105	16.233328												
-46.737419	-9.685205	16.258465												
-46.709526	-9.673166	16.252821												
-46.759003	-9.694992	16.27812												
-46.74287	-9.688769	16.269688												
-46.763493	-9.70106	16.278206												
-46.747719	-9.688049	16.279352												
-46.766205	-9.698744	16.264603												
-46.756161	-9.683069	16.278458												
-46.782555	-9.697384	16.2605												
-46.747734	-9.672075	16.260138												
-46.775829	-9.698161	16.255917												
-46.735611	-9.675258	16.251749												
-46.741699	-9.688609	16.260052												
-46.779888	-9.707733	16.278439												
-46.743122	-9.69451	16.262663												
-46.764828	-9.707427	16.269234												
-46.74334	-9.696383	16.263645												
-46.752998	-9.701596	16.254549												
-46.729767	-9.682673	16.259628												
-46.744354	-9.694701	16.242863												
-46.719227	-9.669893	16.248514												
-46.762768	-9.68998	16.257376												
-46.718929	-9.669644	16.25757												
-46.779118	-9.698743	16.280756												
-46.748753	-9.688345	16.275604												
-46.806366	-9.717287	16.310202												
-46.768768	-9.711708	16.296574												
-46.798973	-9.725367	16.304922												
-46.761917	-9.711673	16.280434												
-46.765003	-9.717748	16.273399												
-46.725475	-9.696404	16.254042												
-46.731304	-9.698698	16.244774												
-46.68594	-9.672856	16.226583												
-46.709282	-9.686172	16.233603												
-46.676926	-9.664064	16.22356												
-46.72509	-9.683082	16.249718												
-46.700226	-9.670881	16.240297												
-46.734859	-9.687026	16.264549												
-46.716705	-9.674425	16.259775												
-46.74741	-9.688371	16.267939												
-46.741695	-9.680167	16.276114												
-46.766743	-9.693067	16.267859												
-46.758236	-9.67826	16.283808												
-46.781097	-9.696182	16.259983												
-46.753376	-9.672109	16.267773												
-46.780151	-9.693614	16.255934												
-46.726894	-9.668139	16.248718												
-46.75502	-9.691192	16.24898												
-46.709934	-9.670605	16.239304												
-46.747635	-9.692149	16.255911												
-46.718933	-9.679983	16.244595												
-46.732853	-9.691114	16.253584												
-46.716599	-9.676774	16.259417												
-46.737034	-9.686444	16.247999												
-46.735378	-9.672857	16.273291												
-46.767071	-9.688689	16.256443												
-46.745216	-9.665907	16.270489												
-46.77327	-9.692652	16.257994												
-46.732838	-9.667171	16.259258												
-46.77879	-9.693982	16.267696												
-46.734314	-9.677611	16.258961												
-46.76836	-9.69833	16.273582												
-46.731983	-9.683437	16.262438												
-46.756531	-9.698456	16.266539												
-46.74308	-9.689922	16.270708												
-46.758568	-9.698911	16.25976												
-46.747581	-9.683164	16.277704												
-46.767712	-9.698726	16.25433												
-46.77977	-9.69582	16.263586												
-46.726753	-9.67142	16.262474												
-46.775848	-9.699455	16.273684												
-46.736572	-9.684251	16.266859												
-46.788036	-9.711418	16.294058												
-46.775967	-9.714718	16.287292												
-46.7509	-9.700867	16.278898												
-46.759449	-9.706966	16.263409												
-46.739475	-9.688297	16.267597												
-46.761276	-9.697434	16.254726												
-46.718506	-9.670613	16.247652												
-46.75959	-9.697371	16.258623												
-46.731167	-9.679197	16.256804												
-46.797379	-9.710218	16.293665												
-46.813492	-9.7247	16.311947												
-46.781292	-9.71583	16.288092												
-46.799088	-9.727129	16.294876												
-46.754936	-9.709385	16.265966												
-46.752243	-9.711028	16.259155												
-46.704784	-9.687006	16.236765												
-46.706306	-9.690306	16.227505												
-46.668655	-9.664995	16.214808												
-46.660625	-9.652803	16.209846												
-46.697163	-9.670507	16.23189												
-46.673389	-9.654851	16.228407												
-46.717667	-9.673646	16.248522												
-46.733521	-9.680572	16.258442												
-46.722809	-9.667969	16.267054												
-46.750744	-9.684096	16.258139												
-46.745533	-9.67091	16.276617												
-46.776127	-9.689495	16.261019												
-46.749367	-9.66785	16.267767												
-46.772377	-9.692944	16.254673												
-46.734287	-9.668502	16.251314												
-46.772068	-9.69285	16.259628												
-46.724072	-9.675331	16.250246												
-46.75901	-9.695788	16.26392												
-46.750259	-9.69727	16.262568												
-46.733315	-9.688541	16.261234												
-46.747391	-9.697178	16.255966												
-46.736908	-9.682436	16.271421												
-46.757126	-9.695404	16.250298												
-46.743008	-9.673651	16.269562												
