52,350422	-8,316306	3,380666	52,548641	-8,423882	3,403763	52,290615	-8,518124	3,605848
52,350471	-8,31636	3,380703	52,548782	-8,423387	3,404039	52,29137	-8,518573	3,606463
52,353424	-8,316906	3,379178	52,549236	-8,423393	3,403035	52,296669	-8,517681	3,604913
52,355667	-8,317384	3,377895	52,549438	-8,422976	3,403255	52,304302	-8,516791	3,602163
52,35743	-8,317765	3,376873	52,549915	-8,423029	3,402359	52,313084	-8,515957	3,599067
52,359001	-8,318056	3,375994	52,549332	-8,422297	3,402725	52,318989	-8,515036	3,596856
52,360134	-8,318295	3,375322	52,550266	-8,422076	3,40162	52,324112	-8,514067	3,594925
52,361122	-8,318468	3,374759	52,549088	-8,421219	3,402092	52,330265	-8,513196	3,592526
52,362164	-8,318646	3,374142	52,547169	-8,420957	3,403236	52,336594	-8,512406	3,590085
52,363346	-8,318753	3,373533	52,547859	-8,420064	3,403685	52,342793	-8,511777	3,587798
52,364288	-8,318848	3,37302	52,537014	-8,420564	3,408019	52,350349	-8,511231	3,585165
52,365131	-8,318903	3,37258	52,533207	-8,418821	3,409902	52,354832	-8,511132	3,583086
52,3657	-8,318953	3,372248	52,515465	-8,419209	3,416715	52,358856	-8,511675	3,580873
52,366207	-8,318978	3,37196	52,51152	-8,417845	3,418085	52,363369	-8,514705	3,581381
52,3666	-8,319135	3,371526	52,513115	-8,417516	3,417609	52,367981	-8,519427	3,583943
52,366974	-8,319263	3,371116	52,510345	-8,416614	3,418566	52,372555	-8,52575	3,58835
52,367142	-8,319412	3,370769	52,511551	-8,416531	3,417946	52,377533	-8,533415	3,594256
52,367561	-8,319471	3,370439	52,509071	-8,415771	3,418776	52,382378	-8,542085	3,601336
52,367878	-8,319546	3,370136	52,509377	-8,415759	3,418221	52,383736	-8,550435	3,609342
52,368179	-8,319601	3,369861	52,507187	-8,415438	3,418619	52,383514	-8,561534	3,621864
52,367916	-8,319953	3,369378	52,507366	-8,415386	3,417995	52,383526	-8,573845	3,635771
52,367306	-8,320135	3,369035	52,505428	-8,415108	3,418363	52,403549	-8,597896	3,656017
52,366886	-8,320715	3,369055	52,504944	-8,415057	3,417905	52,448353	-8,629197	3,674862
52,366589	-8,320721	3,368769	52,501953	-8,414567	3,4182	52,466652	-8,6556	3,69632
52,36573	-8,321221	3,369081	52,499786	-8,414479	3,417567	52,478584	-8,655718	3,689108
52,365139	-8,321157	3,368931	52,512329	-8,413051	3,416229	52,485687	-8,649973	3,685706
52,364666	-8,323249	3,370903	52,523453	-8,41165	3,410293	52,511345	-8,647079	3,679097
52,3643	-8,325325	3,372897	52,55724	-8,412863	3,40351	52,532288	-8,644481	3,673375
52,364029	-8,327241	3,374716	52,563545	-8,413071	3,397667	52,549606	-8,642982	3,669024
52,36377	-8,328451	3,375841	52,554268	-8,4171	3,400856	52,535984	-8,641685	3,672037
52,363605	-8,329955	3,377265	52,53891	-8,41854	3,404689	52,518604	-8,640062	3,673752
52,363453	-8,331185	3,378444	52,533012	-8,424258	3,409727	52,513527	-8,640396	3,674085
52,363468	-8,33416	3,381411	52,518429	-8,425554	3,413903	52,506962	-8,639415	3,673402
52,371395	-8,338162	3,382351	52,511261	-8,430749	3,41938	52,501884	-8,637011	3,673782
52,378532	-8,341852	3,383208	52,495762	-8,431792	3,424063	52,489227	-8,636343	3,674091
52,400429	-8,348044	3,381583	52,490524	-8,4377	3,430166	52,4543	-8,635242	3,680883
52,413254	-8,349961	3,377253	52,476086	-8,438603	3,434718	52,441216	-8,634926	3,680652
52,414677	-8,354054	3,378328	52,471382	-8,443861	3,440281	52,406822	-8,633929	3,687242
52,423256	-8,362511	3,381515	52,456146	-8,444646	3,445107	52,385082	-8,633562	3,689095
52,443161	-8,374528	3,378644	52,405357	-8,458767	3,476378	52,265007	-8,659266	3,750747
52,463017	-8,385653	3,390184	52,331478	-8,471399	3,509479	52,179779	-8,705379	3,825855
52,476295	-8,39627	3,398878	52,282581	-8,494938	3,550614	52,097885	-8,746739	3,888608
52,481052	-8,405434	3,407672	52,198242	-8,507133	3,589643	52,072464	-8,803712	3,955305
52,484669	-8,414845	3,417032	52,143559	-8,533978	3,635237	51,993156	-8,837497	4,014087
52,488876	-8,425951	3,427927	52,109085	-8,556646	3,669004	52,014164	-8,928446	4,105819
52,494209	-8,446791	3,448685	52,099098	-8,584608	3,701455	52,052902	-9,010792	4,184915
52,500023	-8,469801	3,471589	52,078403	-8,611882	3,738293	52,191639	-9,110654	4,254833
52,507168	-8,490971	3,491978	52,05748	-8,644339	3,781659	52,259586	-9,176944	4,307356
52,509716	-8,490339	3,492033	52,026196	-8,667793	3,812439	52,243675	-9,234052	4,38074
52,511189	-8,4897	3,492399	52,032852	-8,703758	3,848718	52,234852	-9,272386	4,428461
52,512207	-8,489195	3,492775	51,991055	-8,732103	3,888145	52,251183	-9,32509	4,486398
52,514912	-8,488922	3,492404	51,997189	-8,768982	3,917935	52,225471	-9,363208	4,538328
52,517025	-8,488706	3,492146	52,009205	-8,80938	3,958282	52,189507	-9,418284	4,61199
52,519352	-8,488605	3,49171	52,079147	-8,861594	3,994853	52,091766	-9,464145	4,705502
52,520767	-8,48849	3,49157	52,149494	-8,903173	4,020443	52,022194	-9,563598	4,898779
52,522388	-8,488464	3,491281	52,277969	-8,957414	4,044436	51,895897	-9,659266	5,097602
52,523197	-8,488406	3,491276	52,397469	-9,001128	4,056462	51,799698	-9,816196	5,382886
52,525425	-8,488428	3,490713	52,491062	-9,02566	4,054777	51,707821	-9,989212	6,04664
52,527283	-8,488457	3,490253	52,503204	-9,025743	4,051349	51,724232	-10,284899	6,913789
52,529228	-8,488475	3,489764	52,524803	-9,048499	4,071151	51,679871	-10,573103	7,765027
52,530647	-8,488507	3,489437	52,524628	-9,059391	4,08429	51,60944	-10,820557	8,832028
52,532059	-8,488531	3,489112	52,544254	-9,084709	4,109103	51,606838	-10,88244	10,56301
52,533001	-8,48857	3,48893	52,539875	-9,095376	4,122932	51,672329	-11,025052	12,532661
52,535366	-8,488554	3,488288	52,553356	-9,122227	4,151115	51,666695	-11,193984	14,63093
52,537651	-8,488513	3,487633	52,54015	-9,135614	4,170581	51,547016	-11,341526	16,832235
52,538544	-8,488241	3,487441	52,552097	-9,163534	4,200416	51,327	-11,460608	19,082411
52,533676	-8,487828	3,488894	52,537388	-9,178924	4,222797	51,048355	-11,55181	21,285622
52,528877	-8,487422	3,490237	52,547569	-9,20987	4,255736	50,78381	-11,630571	23,256374
52,524387	-8,487054	3,491462	52,530956	-9,225316	4,277944	50,610577	-11,726087	24,79767
52,518936	-8,486676	3,49283	52,544426	-9,254463	4,308179	50,665653	-11,915919	25,771744
52,51313	-8,486281	3,494243	52,530766	-9,267122	4,326958	51,079048	-12,284766	26,181553
52,505154	-8,485817	3,496029	52,545937	-9,294196	4,354821	51,673054	-12,812696	25,998652
52,502682	-8,48531	3,49595	52,531834	-9,304729	4,371309	52,347462	-13,382115	25,390886
52,494328	-8,484221	3,496676	52,548492	-9,328661	4,395027	52,758526	-13,511392	24,819469
52,489128	-8,483676	3,497208	52,535885	-9,336226	4,407601	53,162113	-13,673662	24,356903
52,482948	-8,483136	3,497283	52,553852	-9,357709	4,42804	53,562115	-13,932157	23,847172
52,475105	-8,482447	3,497628	52,540886	-9,363721	4,438887	53,769253	-14,002311	23,421457
52,478306	-8,479999	3,497182	52,557903	-9,384191	4,458365	53,83102	-13,938658	23,299875
52,490967	-8,48027	3,491484	52,546356	-9,387836	4,466014	53,854649	-13,94042	23,234165
52,502502	-8,480156	3,486078	52,563995	-9,406431	4,483119	53,78146	-13,861861	23,315525
52,514904	-8,480022	3,480422	52,553802	-9,40894	4,489013	53,590866	-13,606329	23,619928
52,523281	-8,47987	3,476255	52,570293	-9,426859	4,505647	53,336575	-13,313577	24,049944
52,529968	-8,480208	3,472327	52,557201	-9,429643	4,51265	53,102364	-13,078206	24,489635
52,509686	-8,480504	3,477176	52,572784	-9,446803	4,528636	52,922287	-12,900923	24,828522
52,445019	-8,490702	3,506118	52,562256	-9,448638	4,533809	52,804634	-12,759336	25,038069
52,349628	-8,504157	3,54814	52,581242	-9,462762	4,545276	52,710636	-12,602199	25,105375
52,208298	-8,546863	3,634131	52,56971	-9,464373	4,55046	52,641956	-12,416129	25,074224
52,146042	-8,570835	3,677625	52,586716	-9,47914	4,563213	52,597897	-12,214025	24,960272
52,109074	-8,599641	3,719823	52,56522	-9,485784	4,578416	52,577751	-12,013424	24,835724
52,094482	-8,633941	3,762454	52,576195	-9,514111	4,613984	52,565712	-11,824378	24,692972
52,077652	-8,665885	3,803077	52,546383	-9,530613	4,645891	52,571796	-11,657647	24,566025
52,035599	-8,694005	3,842863	52,530987	-9,568144	4,701279	52,627411	-11,591172	24,431656
52,02412	-8,726072	3,877883	52,445148	-9,591099	4,758517	52,658104	-11,562512	24,578604
52,018032	-8,759739	3,913981	52,388988	-9,647631	4,878978	52,671692	-11,495636	24,662336
52,015652	-8,789758	3,942904	52,30571	-9,689857	4,977588	52,664516	-11,418797	24,772718
52,059414	-8,834624	3,974856	52,320061	-9,781016	5,11786	52,666618	-11,352425	24,802607
52,105152	-8,874561	4,003793	52,313946	-9,901132	5,473264	52,659584	-11,289609	24,867968
52,198784	-8,918143	4,024909	52,340729	-10,101299	5,940961	52,666866	-11,234582	24,858927
52,301067	-8,956101	4,036402	52,319546	-10,306679	6,537461	52,663612	-11,180703	24,894575
52,443157	-8,989499	4,029045	52,338329	-10,553401	7,287447	52,669918	-11,141276	24,843441
52,448895	-8,994538	4,033736	52,293755	-10,775055	7,914373	52,658173	-11,102921	24,855791
52,456306	-9,003295	4,039191	52,265808	-10,977414	8,67771	52,655434	-11,08299	24,756102
52,451523	-9,0095	4,046815	52,160419	-11,084405	9,797587	52,685375	-11,072685	24,685991
52,468369	-9,03074	4,067414	52,051304	-11,115786	11,373981	52,777523	-11,114694	24,436073
52,464352	-9,04394	4,084113	52,022652	-11,179233	13,136219	52,858295	-11,199043	24,05456
52,481651	-9,069441	4,109533	51,991291	-11,25997	14,981896	53,023949	-11,427852	23,427942
52,47554	-9,085455	4,130074	51,900265	-11,335531	16,894136	53,158188	-11,690847	22,871408
52,493626	-9,111855	4,156283	51,744884	-11,399892	18,834124	53,335018	-11,999407	22,299231
52,488495	-9,127539	4,176116	51,556297	-11,461335	20,726561	53,432224	-12,220657	21,91802
52,503036	-9,155807	4,205574	51,381935	-11,529852	22,428423	53,554611	-12,450466	21,549381
52,494221	-9,173738	4,229207	51,273254	-11,617643	23,834459	53,567028	-12,535836	21,372816
52,509197	-9,202993	4,258826	51,312897	-11,773335	24,804642	53,613304	-12,6457	21,145269
52,502216	-9,220692	4,280977	51,565968	-12,030769	25,333364	53,57497	-12,661965	20,983526
52,520191	-9,247113	4,306783	51,919483	-12,35374	25,391586	53,583427	-12,72841	20,742411
52,517078	-9,261645	4,3247	52,220737	-12,536509	25,201681	53,549301	-12,791497	20,51874
52,538597	-9,283143	4,344316	52,434624	-12,542453	25,034611	53,543083	-12,862586	20,268456
52,535114	-9,295693	4,360191	52,789368	-12,830053	24,619265	53,456009	-12,830815	20,139057
52,554684	-9,315161	4,37791	53,097481	-13,087453	24,079906	53,429188	-12,85936	19,912766
52,550392	-9,325035	4,390826	53,160748	-13,101374	23,757462	53,341164	-12,81479	19,798212
52,569714	-9,341626	4,405206	53,297783	-13,2781	23,402641	53,271149	-12,731398	19,709774
52,566608	-9,34881	4,414605	53,361332	-13,352941	23,147558	53,229263	-12,748895	19,559908
52,584351	-9,36341	4,427057	53,24044	-13,070466	23,263117	53,107121	-12,579455	19,525429
52,577618	-9,369995	4,436729	53,153034	-12,888776	23,522566	53,016533	-12,550039	19,417551
52,591541	-9,384311	4,449882	53,059418	-12,702115	23,827822	52,922047	-12,464517	19,342476
52,582607	-9,390009	4,459103	52,955448	-12,533815	24,176987	52,764408	-12,343781	19,309996
52,597977	-9,402982	4,470275	52,857761	-12,370225	24,447796	52,703503	-12,329105	19,193796
52,592167	-9,407104	4,476781	52,757298	-12,24087	24,683041	52,543587	-12,19705	19,253847
52,60841	-9,418299	4,48561	52,65905	-12,098987	24,794292	52,52216	-12,22438	19,155155
52,600266	-9,422137	4,492414	52,55093	-11,966095	24,868351	52,429661	-12,166837	19,214125
52,612797	-9,433402	4,502326	52,45863	-11,814447	24,812271	52,426182	-12,180449	19,164761
52,602169	-9,436252	4,508632	52,377422	-11,666624	24,759916	52,434628	-12,239131	19,146881
52,613762	-9,447223	4,518462	52,346386	-11,508588	24,646152	52,425938	-12,188804	19,128365
52,60276	-9,449858	4,524619	52,317024	-11,379667	24,554104	52,445724	-12,235227	19,083677
52,614304	-9,460611	4,534205	52,378368	-11,362539	24,464788	52,488735	-12,243307	19,054453
52,601093	-9,463952	4,541804	52,365295	-11,3161	24,598776	52,460613	-12,190992	19,05806
52,610153	-9,475735	4,553283	52,438396	-11,289444	24,607195	52,559509	-12,303784	18,954163
52,595867	-9,478999	4,561084	52,444973	-11,24652	24,68869	52,476643	-12,15656	19,065613
52,604393	-9,494177	4,577744	52,516766	-11,225722	24,664818	52,533138	-12,215545	18,975306
52,583805	-9,507867	4,603963	52,535927	-11,209948	24,684036	52,507439	-12,168625	19,072205
52,560001	-9,5571	4,678174	52,624454	-11,229675	24,571346	52,504089	-12,121469	19,082241
52,549698	-9,592037	4,728699	52,651527	-11,253928	24,531366	52,51767	-12,168107	19,065863
52,47126	-9,627389	4,81537	52,75779	-11,322012	24,336578	52,477367	-12,05657	19,114674
52,415222	-9,690099	4,937466	52,795219	-11,38905	24,220896	52,489922	-12,125093	19,077131
52,354061	-9,782175	5,177036	52,910603	-11,496345	23,95689	52,490849	-12,08681	19,128736
52,42514	-9,960936	5,578794	52,95192	-11,590055	23,795731	52,448952	-12,068192	19,128792
52,464195	-10,188451	6,108158	53,073273	-11,717864	23,499887	52,517883	-12,134705	19,121759
52,497223	-10,423772	6,847218	53,112999	-11,816054	23,326378	52,477306	-12,127225	19,184383
52,461052	-10,676278	7,571673	53,229343	-11,939862	23,040716	52,573341	-12,235459	19,16147
52,436253	-10,91081	8,329181	53,259735	-12,025653	22,887304	52,611847	-12,329967	19,199471
52,355194	-11,11108	9,121197	53,357964	-12,131942	22,649765	52,634468	-12,301717	19,267904
52,272026	-11,149097	10,639448	53,367542	-12,189702	22,542395	52,677052	-12,394462	19,206331
52,192627	-11,219858	12,451609	53,433498	-12,269236	22,359928	52,682869	-12,340234	19,280806
52,148094	-11,329376	14,430054	53,440342	-12,310683	22,289173	52,629967	-12,277554	19,284369
52,062553	-11,444607	16,525736	53,502819	-12,35916	22,172323	52,673534	-12,315999	19,259592
51,694881	-11,628336	20,873104	53,514957	-12,404866	22,064375	52,599689	-12,232827	19,304363
51,463764	-11,68874	22,905371	53,567421	-12,436341	21,920555	52,558556	-12,155995	19,289127
51,261673	-11,742445	24,599745	53,572754	-12,46929	21,723959	52,52179	-12,145103	19,251429
51,15448	-11,835108	25,770248	53,642456	-12,544248	21,390661	52,440456	-12,020251	19,365286
51,686749	-12,460243	26,350178	53,642475	-12,545809	21,111027	52,402	-12,023129	19,335281
52,213543	-12,991677	25,812658	53,709934	-12,644226	20,740261	52,305698	-11,889547	19,481342
52,734589	-13,443178	24,967934	53,671566	-12,617131	20,507416	52,251972	-11,890526	19,436636
53,15818	-13,651149	24,256838	53,680347	-12,619202	20,309408	52,204487	-11,830054	19,51849
53,648449	-14,001387	23,43247	53,71151	-12,75888	20,017914	52,14193	-11,788378	19,520992
53,989525	-14,207796	22,637911	53,639832	-12,654518	19,935055	52,1362	-11,780848	19,534203
54,008305	-14,18287	22,192894	53,581543	-12,620013	19,773615	52,049839	-11,672669	19,601023
54,041164	-14,206222	21,953733	53,578114	-12,655116	19,570654	52,063786	-11,700304	19,580322
53,978668	-14,10051	21,976393	53,434246	-12,548705	19,488501	51,999229	-11,613942	19,670729
53,779659	-13,770589	22,395714	53,400173	-12,606522	19,294136	52,025627	-11,676318	19,632078
53,571209	-13,46613	23,020334	53,261292	-12,522004	19,224188	52,03476	-11,683537	19,677233
53,385479	-13,22953	23,686737	53,159382	-12,441607	19,168976	52,053665	-11,7204	19,624258
53,233696	-13,056727	24,265871	53,087429	-12,463986	19,01066	52,147583	-11,840983	19,569651
53,129284	-12,935324	24,677219	52,973923	-12,336084	19,023144	52,1721	-11,860888	19,557055
53,060833	-12,82797	24,89867	52,903587	-12,350394	18,894026	52,291485	-11,999077	19,442686
52,998753	-12,680891	24,958862	52,855808	-12,305235	18,857986	52,415787	-12,154828	19,369501
52,949375	-12,510422	24,883793	52,758877	-12,253777	18,809959	52,455559	-12,14783	19,393463
52,942635	-12,353464	24,713512	52,767612	-12,291477	18,727236	52,568989	-12,282797	19,239971
52,950462	-12,176709	24,523401	52,67527	-12,232571	18,696949	52,621304	-12,291222	19,264328
52,953503	-11,991728	24,329525	52,697876	-12,275067	18,63228	52,635555	-12,268482	19,252869
52,942005	-11,790989	24,164633	52,703514	-12,342085	18,543541	52,697334	-12,354426	19,16404
53,015144	-11,792138	24,152437	52,714439	-12,324944	18,593184	52,665359	-12,262321	19,207298
53,002003	-11,708074	24,412552	52,723888	-12,375612	18,501945	52,622601	-12,20238	19,142393
53,04195	-11,684222	24,501883	52,820244	-12,477168	18,451138	52,636173	-12,215889	19,094126
53,03323	-11,631387	24,579395	52,795296	-12,430448	18,496494	52,546875	-12,117029	19,141945
53,007931	-11,553051	24,679434	52,851189	-12,481101	18,413321	52,516697	-12,06717	19,131165
52,982677	-11,490625	24,725437	52,774803	-12,341555	18,518042	52,448132	-12,014556	19,150026
52,984596	-11,446163	24,747805	52,793594	-12,352538	18,456079	52,357403	-11,870932	19,177309
52,959038	-11,399738	24,770077	52,702648	-12,233497	18,509626	52,263828	-11,791508	19,150179
52,973862	-11,378264	24,773792	52,674091	-12,201534	18,473442	52,197456	-11,698176	19,217842
52,966518	-11,368762	24,7593	52,628708	-12,187369	18,445171	52,111122	-11,654558	19,211529
53,015575	-11,388695	24,708221	52,582092	-12,11715	18,496696	52,076965	-11,601451	19,285669
53,039986	-11,423962	24,621031	52,550926	-12,127123	18,435974	52,038551	-11,640501	19,275644
53,128666	-11,488385	24,492279	52,502506	-12,026511	18,531595	52,059223	-11,655101	19,356657
53,299603	-11,663116	24,139286	52,494377	-12,082663	18,44906	52,102325	-11,805679	19,331207
53,371685	-11,765194	23,929747	52,485146	-12,030261	18,521814	52,215363	-11,922448	19,381899
53,505753	-11,887444	23,698389	52,450245	-12,024994	18,489527	52,288174	-12,066023	19,361364
53,584118	-12,001534	23,469971	52,502949	-12,062023	18,471109	52,45776	-12,235541	19,350676
53,716671	-12,126537	23,237728	52,498184	-12,087893	18,444958	52,534939	-12,342775	19,328428
53,754284	-12,227468	23,041365	52,597462	-12,181162	18,422182	52,677307	-12,4505	19,303467
53,791489	-12,328426	22,857609	52,622826	-12,251324	18,392086	52,738487	-12,521877	19,263725
53,784412	-12,389073	22,728592	52,682388	-12,273483	18,418625	52,840454	-12,5815	19,230385
53,834911	-12,449899	22,62565	52,715927	-12,342478	18,374889	52,813499	-12,518716	19,212946
53,846638	-12,501955	22,531418	52,777748	-12,373511	18,388277	52,903202	-12,603931	19,124125
53,870392	-12,529659	22,497904	52,765335	-12,354746	18,407988	52,815254	-12,458555	19,181293
53,848785	-12,530128	22,491863	52,86097	-12,459826	18,335173	52,823902	-12,435649	19,107138
53,880348	-12,548004	22,469599	52,754921	-12,305307	18,470579	52,784077	-12,401175	19,1059
53,848194	-12,531859	22,486813	52,776993	-12,335054	18,410389	52,728527	-12,30852	19,137239
53,863045	-12,526649	22,496836	52,664322	-12,194871	18,537319	52,69067	-12,303297	19,082697
53,830975	-12,502819	22,515593	52,657963	-12,203842	18,483614	52,602585	-12,159926	19,209753
53,856312	-12,514567	22,46991	52,567265	-12,113505	18,559673	52,563683	-12,191178	19,159569
53,835533	-12,488099	22,437033	52,51593	-12,056366	18,56505	52,48439	-12,063633	19,309128
53,883369	-12,51368	22,282652	52,451385	-12,007895	18,586161	52,425316	-12,085904	19,266594
53,886402	-12,516176	22,090364	52,40313	-11,95108	18,60984	52,408752	-12,043198	19,365183
53,906174	-12,587808	21,75819	52,377327	-11,979151	18,592279	52,373016	-12,092083	19,321428
53,905506	-12,639771	21,37422	52,37207	-11,976251	18,61079	52,435356	-12,155071	19,371515
53,910297	-12,698054	21,028217	52,400646	-12,0697	18,581945	52,425087	-12,207688	19,364271
53,916801	-12,771424	20,672602	52,45842	-12,133247	18,587347	52,527191	-12,306345	19,357653
53,920765	-12,817454	20,418137	52,505489	-12,219078	18,564005	52,556282	-12,374502	19,343721
53,88522	-12,79225	20,305656	52,596176	-12,303505	18,558664	52,61319	-12,37791	19,380074
53,947151	-12,929294	20,021313	52,658527	-12,384439	18,529577	52,652863	-12,449447	19,300007
53,888363	-12,873682	19,889872	52,749954	-12,444218	18,538088	52,675514	-12,402328	19,345079
53,825554	-12,795555	19,795088	52,801949	-12,495787	18,521296	52,629494	-12,337071	19,313627
53,826931	-12,868147	19,539789	52,877018	-12,536407	18,524246	52,679871	-12,364064	19,280485
53,743191	-12,726329	19,472189	52,901638	-12,565851	18,509201	52,622971	-12,294754	19,2715
53,659111	-12,645397	19,328142	52,941696	-12,57272	18,537569	52,581505	-12,192633	19,256222
53,58144	-12,543474	19,197975	52,918072	-12,567627	18,536768	52,535397	-12,15661	19,187197
53,43568	-12,380522	19,13591	52,937637	-12,562913	18,579279	52,481327	-12,048866	19,297531
53,35796	-12,324444	18,982864	52,864708	-12,497925	18,613981	52,464249	-12,078004	19,247402
53,224037	-12,218516	18,933121	52,872795	-12,502712	18,62133	52,419968	-12,005917	19,366678
53,186588	-12,262311	18,783613	52,758888	-12,409406	18,6793	52,379326	-12,02347	19,339867
53,107437	-12,23685	18,70507	52,723316	-12,373012	18,72127	52,422886	-12,06904	19,368441
53,124943	-12,332987	18,572498	52,643898	-12,338367	18,767796	52,375759	-12,033083	19,377474
53,14325	-12,398127	18,474176	52,586735	-12,25271	18,845264	52,452934	-12,133957	19,336195
53,217731	-12,489913	18,388468	52,494053	-12,208493	18,871141	52,398861	-12,07006	19,389534
53,300076	-12,598093	18,299124	52,422672	-12,094775	18,996759	52,403351	-12,05804	19,346348
53,39489	-12,672305	18,237238	52,345337	-12,082462	19,028469	52,437176	-12,115685	19,307638
53,469631	-12,730708	18,198254	52,33149	-12,048325	19,165417	52,414627	-12,064341	19,356453
53,565632	-12,807953	18,129339	52,289948	-12,079251	19,206024	52,425491	-12,091578	19,28376
53,647652	-12,866812	18,080532	52,340908	-12,124738	19,297703	52,37413	-11,994771	19,39406
53,696735	-12,858127	18,131319	52,332325	-12,160848	19,344868	52,431904	-12,105896	19,312597
53,72366	-12,900376	18,077991	52,419067	-12,237699	19,384363	52,4319	-12,088023	19,407228
53,746349	-12,96193	18,030092	52,428108	-12,2786	19,405874	52,447353	-12,112041	19,377121
53,704666	-12,896009	18,079586	52,494553	-12,31938	19,436138	52,505497	-12,183715	19,341505
53,667862	-12,858547	18,046404	52,518814	-12,367247	19,404825	52,503517	-12,163111	19,334669
53,579796	-12,723101	18,100962	52,5728	-12,365094	19,424171	52,529499	-12,183663	19,298645
53,548515	-12,716363	18,014029	52,569599	-12,361106	19,39522	52,58453	-12,265968	19,240875
53,437618	-12,58795	18,078758	52,627438	-12,406716	19,363228	52,566853	-12,202314	19,254524
53,355038	-12,53032	18,060698	52,552414	-12,305449	19,364994	52,597584	-12,254497	19,144274
53,304375	-12,511586	18,015921	52,590553	-12,332805	19,29599	52,509518	-12,087868	19,227762
53,230736	-12,444244	18,050106	52,463112	-12,174076	19,341036	52,526871	-12,153044	19,111235
53,223251	-12,488548	17,987257	52,47374	-12,187997	19,269976	52,485241	-12,05919	19,256634
53,193615	-12,463407	17,990032	52,384525	-12,116779	19,303791	52,487453	-12,096785	19,195204
53,157135	-12,428739	18,016167	52,350925	-12,068295	19,329945	52,503902	-12,118179	19,246637
53,203117	-12,508922	17,941931	52,315563	-12,079688	19,29847	52,442921	-12,063857	19,21624
53,145561	-12,429268	18,009832	52,269146	-11,984212	19,37727	52,501125	-12,14195	19,168285
53,113667	-12,39149	18,018221	52,26796	-12,042525	19,328152	52,401043	-12,012622	19,21361
53,118668	-12,444224	17,928379	52,270405	-12,006131	19,404711			
53,047245	-12,318057	18,057415	52,270847	-12,057079	19,357025			
53,00835	-12,311279	18,017559	52,338688	-12,108373	19,382845			
52,950397	-12,219359	18,085972	52,367214	-12,173108	19,347078			
52,87487	-12,175219	18,064129	52,468563	-12,256687	19,338505			
52,859558	-12,166197	18,03944	52,502972	-12,317488	19,302658			
52,757504	-12,074872	18,100771	52,571766	-12,355145	19,304924			
52,80719	-12,177071	18,02972	52,590614	-12,393218	19,243223			
52,717693	-12,076196	18,075403	52,662167	-12,423628	19,234995			
52,750477	-12,1234	18,026508	52,613716	-12,353111	19,239157			
52,722771	-12,105308	18,031071	52,680843	-12,425328	19,167742			
52,818172	-12,220655	17,97835	52,568169	-12,27843	19,22587			
52,839382	-12,280281	17,951494	52,557549	-12,259896	19,186422			
52,948708	-12,372347	17,932936	52,49609	-12,212674	19,200119			
53,018822	-12,472831	17,888191	52,450432	-12,140131	19,192432			
53,140278	-12,547634	17,879803	52,39415	-12,117284	19,167007			
53,196514	-12,604489	17,872673	52,339115	-12,004721	19,259274			
53,311066	-12,678863	17,842937	52,306988	-12,033195	19,234863			
53,346088	-12,692737	17,83655	52,284657	-11,978036	19,351179			
53,409382	-12,705812	17,870678	52,241623	-11,988518	19,333277			
53,431526	-12,738646	17,829218	52,296383	-12,038086	19,383638			
53,438591	-12,705723	17,887442	52,249222	-12,014927	19,420099			
53,366638	-12,634649	17,946968	52,337334	-12,121834	19,40081			
53,370655	-12,661689	17,890869	52,288731	-12,084414	19,449997			
53,249214	-12,531115	17,979044	52,316063	-12,094959	19,460136			
53,176506	-12,46032	17,98069	52,356277	-12,174568	19,416609			
53,05254	-12,346709	18,023825	52,350361	-12,099406	19,459951			
52,972511	-12,28251	18,022961	52,371044	-12,131007	19,372324			
52,887852	-12,229373	18,012878	52,326244	-11,995928	19,420525			
52,83239	-12,183182	18,029356	52,313183	-12,00188	19,335213			
52,7882	-12,179843	18,010479	52,305023	-11,938838	19,429779			
52,772827	-12,162472	18,026804	52,272888	-11,938075	19,388901			
52,754543	-12,160308	18,010897	52,299118	-11,95805	19,428625			
52,775146	-12,180569	17,994389	52,217133	-11,893832	19,424028			
52,738621	-12,138	18,038931	52,283463	-11,977285	19,389137			
52,74464	-12,15038	18,021196	52,188675	-11,875128	19,449125			
52,731628	-12,139607	18,028204	52,245556	-11,937525	19,406441			
52,700565	-12,081848	18,091373	52,210453	-11,945181	19,427656			
52,680931	-12,089971	18,050831	52,204582	-11,90677	19,46911			
52,628361	-11,994935	18,139696	52,230442	-11,991061	19,390446			
52,582386	-11,973466	18,122803	52,213867	-11,901329	19,501247			
52,564274	-11,94707	18,143023						
52,51825	-11,914727	18,154232						
52,531425	-11,93421	18,130262						
52,501347	-11,913655	18,138432						
52,505684	-11,913455	18,14398						
52,514957	-11,932428	18,116026						
52,505413	-11,889647	18,183407						
52,504303	-11,906121	18,149773						
52,503582	-11,893826	18,17346						
52,47049	-11,862677	18,199501						
52,502663	-11,902544	18,156775						
52,456692	-11,845511	18,220888						
52,461533	-11,853148	18,208361						
52,440296	-11,848234	18,195042						
52,421932	-11,817747	18,235802						
52,416821	-11,835755	18,19853						
52,407253	-11,801872	18,248089						
52,386646	-11,793777	18,242085						
52,411297	-11,823383	18,210903						
52,368511	-11,76947	18,272816						
52,389828	-11,803473	18,228504						
52,370972	-11,778499	18,257853						
52,377213	-11,775542	18,270489						
52,391167	-11,814253	18,227047						
52,389351	-11,78975	18,273527						
52,381752	-11,789679	18,266016						
52,419025	-11,819289	18,248941						
52,38818	-11,782424	18,289742						
52,414246	-11,81476	18,253832						
52,356438	-11,752327	18,316877						
52,349598	-11,759167	18,295019						
52,339951	-11,762779	18,287094						
52,33456	-11,740971	18,324844						
52,345394	-11,777058	18,276176						
52,348755	-11,759494	18,314926						
52,342216	-11,762027	18,310085						
52,395359	-11,807999	18,277578						
52,372345	-11,771303	18,324966						
52,403042	-11,800112	18,300247						
52,376396	-11,778638	18,314613						
52,368053	-11,764908	18,33304						
52,36747	-11,791512	18,301855						
52,344212	-11,742674	18,374397						
52,340225	-11,760538	18,333952						
52,355011	-11,763848	18,344225						
52,330189	-11,739285	18,367216						
52,374054	-11,786553	18,321735						
52,358955	-11,760189	18,356934						
52,374264	-11,762719	18,367867						
52,365616	-11,758101	18,393341						
52,355148	-11,771114	18,356459						
52,341461	-11,730891	18,413326						
52,320953	-11,730028	18,392738						
52,343555	-11,753563	18,382437						
52,319069	-11,732894	18,397638						
52,359135	-11,773182	18,361614						
52,365479	-11,774736	18,362301						
52,384586	-11,768392	18,393154						
52,394062	-11,805891	18,350315						
52,385754	-11,768886	18,415188						
52,369431	-11,776387	18,391104						
52,385338	-11,778146	18,406464						
52,383411	-11,793533	18,388023						
52,340271	-11,753452	18,422371						
52,348362	-11,765129	18,408154						
52,344067	-11,780411	18,397121						
52,334831	-11,748235	18,451439						
52,331211	-11,775817	18,40591						
52,321079	-11,741577	18,463835						
52,298443	-11,748345	18,451958						
52,337376	-11,783368	18,438766						
52,310745	-11,756337	18,463768						
52,34536	-11,785933	18,441555						
52,320827	-11,768949	18,448725						
52,323563	-11,762142	18,465237						
52,320786	-11,787319	18,439566						
52,304127	-11,743187	18,510201						
52,294907	-11,764554	18,469086						
52,305172	-11,755468	18,499472						
52,280872	-11,744733	18,500425						
52,326321	-11,787979	18,472101						
52,307899	-11,764853	18,496998						
52,335808	-11,779678	18,496277						
52,326019	-11,794785	18,476229						
52,322308	-11,769513	18,522762						
52,309372	-11,783917	18,489668						
52,293278	-11,738685	18,557276						
52,276562	-11,754846	18,521582						
52,299866	-11,771852	18,53336						
52,270336	-11,750385	18,545507						
52,310837	-11,786891	18,517159						
52,299549	-11,773731	18,529499						
52,318405	-11,773996	18,548244						
52,311569	-11,800916	18,514326						
52,303642	-11,766386	18,575363						
52,277756	-11,747674	18,599098						
52,256527	-11,753422	18,57283						
52,286587	-11,781337	18,573557						
52,25676	-11,759851	18,585331						
52,291584	-11,788551	18,566097						
52,286716	-11,78609	18,566139						
52,300056	-11,775067	18,601627						
52,291756	-11,800701	18,565514						
52,283344	-11,765082	18,628487						
52,259552	-11,775749	18,601484						
52,271969	-11,765969	18,636683						
52,251251	-11,762513	18,621637						
52,286152	-11,793198	18,617954						
52,254982	-11,769716	18,632267						
52,282501	-11,790988	18,619713						
52,276154	-11,795362	18,615604						
52,283882	-11,777515	18,659367						
52,271351	-11,800748	18,625305						
52,263725	-11,765757	18,688133						
52,236084	-11,775109	18,667746						
52,259079	-11,777414	18,690685						
52,234962	-11,76662	18,686781						
52,269871	-11,796989	18,682774						
52,235779	-11,770019	18,701147						
52,260574	-11,787505	18,693237						
52,251614	-11,793882	18,692537						
52,259251	-11,77683	18,734852						
52,246025	-11,799415	18,70335						
52,24358	-11,769232	18,762394						
52,216663	-11,778731	18,74869						
52,244709	-11,786203	18,770823						
52,219231	-11,771102	18,774172						
52,254574	-11,799804	18,769426						
52,217548	-11,76846	18,793968						
52,244045	-11,787373	18,785192						
52,232361	-11,791408	18,791908						
52,244122	-11,779088	18,829165						
52,231712	-11,777215	18,857653						
52,206284	-11,785995	18,846848						
52,233959	-11,791276	18,87355						
52,209301	-11,776546	18,877171						
52,244251	-11,804263	18,877148						
52,203773	-11,768177	18,907						
52,232731	-11,79057	18,894047						
52,216278	-11,785355	18,908327						
52,23629	-11,783671	18,933043						
52,222961	-11,808311	18,915638						
52,227795	-11,788208	18,96225						
52,204357	-11,798157	18,953316						
52,226727	-11,794574	18,986851						
52,203571	-11,785465	18,983292						
52,235394	-11,810066	18,991718						
52,192078	-11,771812	19,024761						
52,226299	-11,799972	19,01367						
52,192539	-11,773711	19,043493						
52,219093	-11,789738	19,047947						
52,200943	-11,805255	19,045872						
52,213989	-11,797703	19,075706						
52,198872	-11,816244	19,067158						
52,215721	-11,804166	19,111071						
52,195808	-11,806317	19,101364						
52,224354	-11,821938	19,11825						
52,182587	-11,786053	19,148705						
52,222736	-11,814495	19,138853						
52,17519	-11,764445	19,178652						
52,21006	-11,797822	19,169899						
52,16785	-11,777876	19,198471						
52,192162	-11,797912	19,192459						
52,182003	-11,818128	19,197371						
52,210102	-11,822403	19,218819						
52,202709	-11,842601	19,202894						
52,228256	-11,846719	19,222563						
52,198925	-11,829292	19,234358						
52,24107	-11,853679	19,232161						
52,191601	-11,805248	19,266815						
52,215351	-11,820393	19,257437						
52,188076	-11,799498	19,298647						
52,145855	-11,78906	19,338707						
52,170769	-11,818628	19,339975						
52,198307	-11,860405	19,347902						
52,193405	-11,876957	19,348387						
52,234436	-11,894618	19,352789						
52,222569	-11,887939	19,353521						
52,256874	-11,902248	19,349783						
52,220547	-11,872045	19,373985						
52,252522	-11,887502	19,363047						
52,216881	-11,855304	19,385983						
52,240147	-11,862738	19,386511						
52,204449	-11,852199	19,393713						
52,212387	-11,845631	19,410467						
52,187801	-11,851864	19,406811						
52,194206	-11,831459	19,449949						
52,168034	-11,843727	19,435236						
52,184101	-11,835838	19,471014						
52,15345	-11,833942	19,472738						
52,19593	-11,857112	19,480595						
52,165554	-11,832231	19,489353						
52,206032	-11,858441	19,476517						
52,160793	-11,817869	19,501408						
52,200256	-11,849905	19,475853						
52,171181	-11,83385	19,48991						
52,198769	-11,84666	19,484035						
52,182575	-11,861339	19,464554						
52,19622	-11,854453	19,480984						
52,178902	-11,867926	19,457924						
52,198765	-11,857062	19,482609						
52,175236	-11,853393	19,46504						
52,201519	-11,864348	19,466476						
52,153042	-11,826687	19,492811						
52,193348	-11,851393	19,477119						
52,137775	-11,79428	19,511751						
52,174385	-11,827596	19,490311						
52,129162	-11,795144	19,515306						
52,161705	-11,826385	19,491344						
52,152348	-11,84201	19,488565						
52,189796	-11,860894	19,4851						
52,189995	-11,885551	19,455011						
52,220516	-11,896679	19,456131						
52,202942	-11,893263	19,44521						
52,247185	-11,912387	19,426374						
52,206753	-11,879253	19,447517						
52,232903	-11,89177	19,42836						
52,174763	-11,838634	19,463642						
52,202061	-11,860058	19,444407						
52,163483	-11,836724	19,467054						
52,18499	-11,845862	19,466021						
52,16431	-11,854575	19,458044						
52,181557	-11,854628	19,471989						
52,166199	-11,86792	19,457809						
52,193012	-11,865498	19,476973						
52,176033	-11,864002	19,462172						
52,163315	-11,841704	19,486298						
52,205593	-11,866934	19,469803						
52,155159	-11,812837	19,501165						
52,190517	-11,841146	19,479706						
52,144703	-11,805446	19,503254						
52,172409	-11,8287	19,480328						
52,160717	-11,840872	19,477695						
52,19083	-11,849736	19,481142						
52,185741	-11,873761	19,45048						
52,207882	-11,877008	19,462242						
52,186417	-11,874354	19,449842						
52,22847	-11,892052	19,439913						
52,186104	-11,858389	19,45927						
52,211498	-11,870213	19,4422						
52,149197	-11,811941	19,485655						
52,18301	-11,842703	19,467968						
52,133892	-11,812317	19,503056						
52,162258	-11,838989	19,491034						
52,145164	-11,845746	19,492987						
52,179276	-11,866938	19,48748						
52,175869	-11,886094	19,471384						
52,214211	-11,895903	19,472347						
52,205925	-11,900465	19,454496						
52,238277	-11,911706	19,446051						
52,201767	-11,886072	19,460644						
52,239803	-11,905806	19,439648						
52,193371	-11,860596	19,466997						
52,221001	-11,876427	19,45042						
52,172951	-11,841339	19,47032						
52,188881	-11,846856	19,460257						
52,1688	-11,84881	19,458994						
52,183895	-11,836271	19,480776						
52,165623	-11,852295	19,455925						
52,174942	-11,838594	19,490807						
52,148548	-11,843739	19,478935						
52,182171	-11,852898	19,492195						
52,154751	-11,837437	19,495176						
52,194134	-11,861243	19,485256						
52,188744	-11,849569	19,489027						
52,151478	-11,816519	19,51368						
52,187454	-11,842244	19,496416						
52,166393	-11,845984	19,489367						
52,187313	-11,851335	19,490181						
52,177788	-11,870229	19,467808						
52,200287	-11,861135	19,488716						
52,186195	-11,867594	19,46052						
52,210598	-11,873075	19,46784						
52,167942	-11,843952	19,482782						
52,211288	-11,869926	19,466831						
52,152691	-11,809659	19,500948						
52,182888	-11,832803	19,478813						
52,127003	-11,779464	19,51403						
52,164028	-11,816762	19,490183						
52,133957	-11,815682	19,504011						
52,169792	-11,845041	19,488901						
52,166706	-11,866723	19,471371						
52,204849	-11,890701	19,464096						
52,19912	-11,902883	19,444933						
52,243408	-11,920394	19,429939						
52,220768	-11,907226	19,433701						
52,252605	-11,922819	19,413233						
52,205807	-11,884307	19,437263						
52,230522	-11,894772	19,416838						
52,197144	-11,866161	19,432966						
52,214962	-11,860097	19,434135						
52,185127	-11,856875	19,426954						
52,190582	-11,839124	19,44972						
52,165852	-11,843781	19,43709						
52,173698	-11,822024	19,47831						
52,150749	-11,83599	19,459978						
52,177376	-11,8407	19,482197						
52,150726	-11,836159	19,48394						
52,202705	-11,869918	19,475964						
52,175404	-11,843798	19,48406						
52,219738	-11,87287	19,464048						
52,183304	-11,84339	19,476086						
52,211773	-11,857579	19,454205						
52,198555	-11,860387	19,447252						
52,214428	-11,844571	19,465862						
52,194553	-11,859351	19,433577						
52,195976	-11,833556	19,474325						
52,164566	-11,838294	19,456234						
52,185562	-11,836242	19,482807						
52,158192	-11,827834	19,472847						
52,19759	-11,854976	19,470484						
52,152725	-11,817657	19,488548						
52,19664	-11,850624	19,464005						
52,163609	-11,820369	19,481506						
52,199299	-11,841035	19,467901						
52,175449	-11,844589	19,458017						
52,188595	-11,838763	19,469854						
52,17334	-11,854504	19,447104						
52,183792	-11,831635	19,486322						
52,163902	-11,842867	19,458584						
52,151604	-11,825265	19,484959						
52,203716	-11,859417	19,472353						
52,155891	-11,809777	19,496317						
52,194756	-11,840195	19,471979						
52,144863	-11,794124	19,499052						
52,156826	-11,827928	19,475626						
52,180927	-11,834306	19,483635						
52,172405	-11,860351	19,453854						
52,191433	-11,860999	19,474369						
52,169792	-11,864053	19,460642						
52,211445	-11,881309	19,458012						
52,171398	-11,850611	19,476042						
52,199577	-11,863856	19,460468						
52,134991	-11,801428	19,509535						
52,118999	-11,800693	19,533895						
52,150017	-11,835727	19,517761						
52,132401	-11,841379	19,522762						
52,175095	-11,872273	19,50625						
52,177692	-11,893323	19,489281						
52,223846	-11,912856	19,477161						
52,222588	-11,922932	19,455235						
52,25946	-11,936359	19,439344						
52,267818	-11,935391	19,416328						
52,232513	-11,908726	19,43157						
52,256069	-11,914669	19,419624						
52,213211	-11,888283	19,427467						
52,198292	-11,873409	19,42333						
52,208679	-11,853742	19,446983						
52,181255	-11,860004	19,428844						
52,185974	-11,841503	19,466232						
52,155487	-11,84551	19,457298						
52,181103	-11,848051	19,483011						
52,158569	-11,842965	19,475531						
52,195534	-11,863151	19,476612						
52,158649	-11,834577	19,493027						
52,20594	-11,866348	19,472162						
52,17205	-11,83241	19,490038						
52,181103	-11,847903	19,470186						
52,197815	-11,847738	19,470362						
52,18409	-11,86191	19,450436						
52,194138	-11,838511	19,485146						
52,174248	-11,851451	19,454002						
52,187637	-11,843613	19,486237						
