RECORDING POSITION  WITH DISC
PONTO_DESTES,-1.277539,-99.334099,33.997559
PONTO_DISCO_ESQUERDO,48.741463,-12.631501,21.049044
PONTO_DISCO_DIREITO,-49.864326,-9.589628,12.683970

0.997425 0.071557 -0.036937 0.691871
-0.061467 0.819337 0.568828 3.015104
-0.004701 -0.570007 0.821626 -67.380067
0 0 0 1

Rotations, Yaw: -0.004713, Pitch: -0.071619, Roll: 0.606859
RECORDING POSITION  WITH DISC
PONTO_DESTES,4.266772,-95.706062,41.531376
PONTO_DISCO_ESQUERDO,52.872849,-11.877789,13.297097
PONTO_DISCO_DIREITO,-46.091778,-9.381605,11.847731

0.999998 -0.001781 0.001872 3.834171
0.001046 0.891434 0.453146 6.436386
-0.001195 -0.453148 0.891434 -68.265115
0 0 0 1

Rotations, Yaw: -0.001195, Pitch: 0.001781, Roll: 0.470292
