RECORDING POSITION  WITH DISC
PONTO_DESTES,3.313500,-66.997498,62.725498
PONTO_DISCO_ESQUERDO,51.869598,-4.973370,-0.379318
PONTO_DISCO_DIREITO,-47.095200,-3.590200,-2.905990

1.000000 0.000000 0.000000 2.910610
0.000000 1.000000 0.000000 19.005340
0.000000 0.000000 1.000000 -58.439660
0 0 0 1

Rotations, Yaw: 0.000000, Pitch: -0.000000, Roll: 0.000000
RECORDING POSITION  WITH DISC
PONTO_DESTES,3.629823,-89.155510,42.965172
PONTO_DISCO_ESQUERDO,52.063492,-9.285074,4.731701
PONTO_DISCO_DIREITO,-46.897411,-7.545384,2.273640

0.999976 0.005513 -0.005800 3.342526
-0.003779 0.941450 0.337108 4.687537
0.004186 -0.337132 0.941448 -66.360965
0 0 0 1

Rotations, Yaw: 0.004187, Pitch: -0.005513, Roll: 0.343849
RECORDING POSITION  WITH DISC
PONTO_DESTES,3.751135,-88.888176,44.035744
PONTO_DISCO_ESQUERDO,51.904770,-9.368215,4.732971
PONTO_DISCO_DIREITO,-47.070141,-7.709560,2.850252

0.999988 -0.000512 -0.004381 3.220568
0.002063 0.944711 0.327903 5.539176
0.004815 -0.327897 0.944701 -66.469793
0 0 0 1

Rotations, Yaw: 0.004815, Pitch: 0.000512, Roll: 0.334084
RECORDING POSITION  WITH DISC
PONTO_DESTES,2.298229,-98.753151,41.353664
PONTO_DISCO_ESQUERDO,51.515285,-13.079208,20.748777
PONTO_DISCO_DIREITO,-47.381283,-10.414510,16.915073

0.999707 0.024163 -0.011048 2.743460
-0.021559 0.854734 0.518503 8.412082
-0.001735 -0.518618 0.855004 -68.761403
0 0 0 1

Rotations, Yaw: -0.001736, Pitch: -0.024165, Roll: 0.545277
