X	Y	Z	X	Y	Z	X	Y	Z	X	Y	Z	X	Y	Z
-47,088627	-3,596411	-2,82747	-47,12627	-3,581889	-2,869288	-47,123039	-3,580636	-2,864999	-47,106068	-3,593704	-2,861762	-47,056576	-3,669015	-2,722294
-47,083153	-3,636152	-2,775227	-47,123981	-3,624153	-2,803926	-47,119892	-3,621609	-2,807485	-47,107368	-3,594614	-2,85386	-47,059093	-3,670801	-2,711811
-47,074726	-3,69811	-2,682171	-47,114773	-3,684075	-2,726914	-47,11145	-3,68146	-2,726274	-47,106396	-3,594828	-2,860789	-47,057491	-3,66907	-2,722845
-47,061703	-3,771009	-2,560599	-47,104767	-3,757622	-2,600435	-47,102337	-3,76019	-2,576182	-47,108772	-3,595694	-2,851661	-47,060429	-3,671229	-2,710703
-47,04158	-3,847183	-2,419919	-47,084042	-3,830719	-2,476241	-47,084312	-3,849226	-2,386792	-47,108364	-3,595675	-2,86037	-47,059071	-3,669225	-2,723794
-47,012512	-3,921758	-2,266434	-47,059505	-3,910948	-2,292924	-47,06105	-3,946446	-2,148323	-47,110443	-3,596208	-2,852324	-47,060909	-3,670611	-2,713579
-46,973682	-3,992091	-2,10397	-47,022312	-3,988683	-2,108599	-47,023483	-4,043876	-1,879792	-47,110134	-3,595812	-2,860525	-47,05888	-3,668702	-2,72418
-46,925507	-4,061697	-1,907395	-46,979877	-4,067137	-1,890704	-47,021503	-4,166516	-1,668974	-47,111561	-3,595359	-2,85815	-47,060379	-3,669998	-2,715452
-46,910728	-4,154495	-1,770919	-46,953102	-4,153291	-1,728567	-47,053429	-4,294903	-1,526434	-47,109623	-3,594994	-2,862018	-47,058544	-3,668192	-2,725394
-46,918442	-4,245862	-1,672882	-46,96397	-4,258188	-1,620874	-47,10828	-4,411655	-1,377567	-47,110336	-3,594954	-2,856905	-47,060062	-3,66942	-2,716913
-46,928139	-4,317009	-1,593053	-46,982349	-4,341657	-1,526365	-47,161705	-4,500813	-1,238534	-47,108631	-3,594207	-2,862849	-47,058083	-3,667856	-2,72664
-46,94249	-4,371385	-1,525685	-47,014164	-4,412827	-1,432654	-47,154312	-4,555857	-1,160983	-47,109383	-3,593834	-2,858522	-47,059673	-3,669585	-2,716214
-46,962357	-4,412442	-1,465309	-47,057613	-4,472334	-1,323508	-47,152424	-4,605394	-1,109793	-47,106972	-3,593646	-2,863585	-47,057617	-3,668165	-2,726668
-46,998367	-4,452715	-1,391252	-47,12183	-4,531129	-1,210561	-47,150387	-4,646938	-1,066973	-47,107605	-3,594026	-2,856742	-47,059761	-3,670002	-2,715874
-47,045158	-4,489266	-1,311586	-47,143055	-4,562611	-1,15605	-47,146404	-4,681212	-1,034343	-47,105862	-3,593646	-2,86311	-47,057636	-3,668205	-2,727175
-47,100437	-4,521057	-1,229595	-47,143299	-4,581309	-1,13035	-47,14518	-4,711042	-1,002977	-47,107697	-3,594265	-2,856446	-47,059097	-3,669991	-2,716512
-47,137741	-4,541018	-1,173085	-47,142105	-4,600254	-1,107367	-47,139191	-4,73555	-0,982282	-47,10585	-3,594294	-2,863055	-47,05719	-3,668168	-2,727618
-47,13908	-4,54671	-1,157805	-47,140694	-4,617526	-1,086769	-47,14006	-4,758658	-0,9557	-47,108368	-3,595628	-2,851968	-47,057949	-3,669544	-2,718219
-47,139683	-4,550672	-1,145949	-47,138786	-4,632758	-1,068718	-47,141956	-4,786008	-0,924455	-47,107784	-3,595143	-2,861084	-47,056065	-3,668138	-2,727387
-47,13974	-4,558774	-1,13141	-47,139149	-4,643946	-1,052315	-47,149231	-4,806674	-0,894522	-47,10894	-3,594945	-2,856648	-47,057323	-3,669642	-2,718393
-47,140697	-4,568114	-1,115287	-47,140934	-4,675381	-1,017094	-47,150734	-4,845093	-0,856399	-47,107826	-3,59466	-2,862146	-47,05542	-3,668215	-2,727948
-47,140633	-4,577675	-1,100618	-47,145039	-4,690665	-0,994554	-47,158997	-4,870262	-0,82283	-47,108761	-3,594507	-2,856961	-47,056793	-3,66961	-2,719149
-47,141628	-4,586493	-1,085903	-47,15329	-4,71376	-0,960717	-47,162186	-4,91278	-0,781603	-47,107689	-3,594501	-2,862081	-47,054493	-3,668213	-2,728662
-47,141006	-4,594425	-1,074148	-47,154781	-4,723678	-0,946727	-47,16824	-4,937212	-0,752592	-47,109135	-3,594729	-2,854922	-47,056622	-3,670527	-2,716935
-47,143303	-4,601405	-1,060466	-47,158451	-4,752966	-0,913891	-47,174004	-4,981164	-0,708075	-47,108635	-3,594575	-2,862114	-47,054722	-3,668993	-2,7284
-47,139694	-4,608097	-1,053841	-47,157295	-4,766325	-0,901095	-47,177685	-5,004535	-0,684282	-47,110432	-3,594823	-2,85578	-47,057419	-3,671019	-2,716845
-47,154922	-4,623913	-1,020059	-47,164249	-4,788796	-0,871656	-47,181286	-5,051188	-0,642469	-47,109741	-3,594783	-2,862306	-47,049423	-3,708724	-2,675183
-47,159729	-4,654891	-0,98244	-47,162613	-4,798833	-0,863036	-47,181641	-5,073545	-0,623691	-47,111938	-3,594898	-2,858031	-47,042961	-3,775002	-2,549106
-47,150352	-4,668377	-0,978222	-47,168335	-4,819156	-0,837717	-47,186607	-5,107108	-0,590319	-47,110256	-3,594632	-2,863478	-47,028709	-3,856423	-2,382002
-47,163773	-4,683011	-0,949774	-47,165691	-4,830064	-0,830283	-47,185253	-5,124841	-0,57784	-47,112328	-3,595233	-2,855236	-47,012951	-3,961019	-2,104947
-47,155445	-4,694599	-0,946455	-47,170448	-4,850203	-0,806869	-47,19136	-5,168625	-0,537535	-47,111313	-3,594562	-2,86317	-47,02124	-4,10372	-1,760476
-47,168934	-4,708899	-0,918846	-47,16769	-4,858648	-0,802186	-47,189739	-5,186059	-0,525586	-47,113956	-3,594698	-2,85593	-47,127388	-4,329582	-1,457978
-47,160324	-4,720465	-0,916961	-47,170387	-4,869046	-0,789395	-47,193768	-5,203169	-0,507126	-47,112644	-3,594014	-2,863867	-47,188602	-4,522774	-1,239191
-47,171211	-4,732084	-0,895036	-47,167198	-4,87604	-0,78679	-47,1912	-5,213424	-0,502152	-47,113823	-3,59404	-2,85661	-47,159916	-4,674891	-1,066596
-47,164288	-4,740999	-0,894076	-47,170506	-4,893162	-0,768573	-47,195625	-5,253089	-0,467131	-47,112743	-3,593022	-2,864587	-47,162094	-4,813024	-0,916273
-47,17281	-4,750097	-0,877355	-47,167942	-4,899184	-0,766619	-47,193638	-5,265073	-0,46005	-47,114307	-3,592597	-2,859766	-47,168991	-4,922313	-0,799805
-47,167427	-4,756503	-0,877238	-47,171383	-4,914618	-0,750202	-47,199574	-5,285734	-0,436823	-47,112667	-3,592142	-2,865712	-47,154469	-5,010718	-0,729341
-47,176697	-4,76626	-0,859324	-47,169754	-4,917365	-0,750205	-47,198551	-5,287139	-0,436967	-47,113865	-3,592287	-2,859394	-47,159489	-5,099284	-0,638268
-47,171047	-4,772371	-0,860409	-47,172379	-4,925501	-0,740505	-47,196812	-5,314565	-0,418063	-47,112644	-3,591826	-2,865642	-47,143902	-5,179479	-0,581149
-47,178452	-4,780009	-0,846512	-47,171276	-4,926835	-0,741291	-47,194912	-5,315491	-0,418823	-47,1152	-3,592113	-2,860146	-47,154991	-5,266236	-0,490079
-47,174427	-4,783693	-0,848173	-47,171658	-4,925891	-0,741626	-47,191956	-5,338704	-0,404409	-47,113438	-3,591982	-2,866357	-47,12289	-5,345096	-0,457221
-47,180149	-4,789306	-0,838041	-47,170071	-4,926102	-0,742642	-47,189789	-5,337644	-0,406792	-47,116425	-3,593114	-2,856346	-47,139336	-5,438993	-0,346171
-47,177544	-4,790903	-0,840134	-47,170155	-4,926136	-0,743042	-47,186451	-5,358039	-0,394617	-47,115341	-3,592452	-2,865406	-47,099174	-5,541446	-0,276496
-47,181835	-4,794715	-0,833124	-47,167652	-4,927072	-0,745509	-47,184814	-5,355707	-0,39703	-47,117439	-3,592495	-2,859715	-47,119961	-5,648592	-0,129552
-47,178707	-4,796983	-0,836117	-47,167194	-4,926699	-0,747064	-47,194778	-5,36667	-0,376119	-47,115944	-3,59172	-2,867028	-47,073307	-5,750908	-0,072184
-47,18346	-4,802573	-0,826635	-47,164021	-4,927548	-0,750163	-47,195049	-5,361782	-0,377763	-47,116909	-3,591353	-2,8623	-47,07254	-5,868075	0,093214
-47,181904	-4,803298	-0,829493	-47,162846	-4,926098	-0,753507	-47,199715	-5,390103	-0,34811	-47,115059	-3,591083	-2,867494	-47,020531	-5,977721	0,179864
-47,183399	-4,804379	-0,827048	-47,159306	-4,927101	-0,757714	-47,199131	-5,396056	-0,340721	-47,116035	-3,591096	-2,861276	-47,032074	-6,067673	0,314948
-47,182945	-4,802996	-0,830242	-47,158142	-4,927175	-0,760139	-47,20166	-5,397514	-0,334232	-47,114323	-3,590661	-2,867507	-46,984211	-6,152171	0,375127
-47,18457	-4,803958	-0,828168	-47,154282	-4,928004	-0,764676	-47,201241	-5,396101	-0,333968	-47,115829	-3,591018	-2,860831	-47,001369	-6,225537	0,495062
-47,183689	-4,804878	-0,830443	-47,152412	-4,927007	-0,76895	-47,21117	-5,433573	-0,281439	-47,113762	-3,590818	-2,867045	-46,954277	-6,300299	0,542496
-47,179817	-4,802585	-0,8369	-47,14846	-4,929726	-0,772525	-47,213013	-5,443945	-0,263684	-47,115883	-3,591426	-2,860665	-46,976307	-6,374711	0,664841
-47,17598	-4,81369	-0,834154	-47,147655	-4,931567	-0,773398	-47,214634	-5,449603	-0,253018	-47,113991	-3,591307	-2,867027	-46,92131	-6,446959	0,695023
-47,172508	-4,812888	-0,839784	-47,143326	-4,933716	-0,777769	-47,215363	-5,45198	-0,246769	-47,115555	-3,591953	-2,859851	-46,935062	-6,514722	0,801437
-47,170944	-4,829588	-0,830505	-47,142467	-4,934561	-0,779487	-47,219353	-5,454195	-0,236734	-47,113819	-3,591617	-2,866702	-46,893867	-6,599875	0,885584
-47,166451	-4,829257	-0,836414	-47,138332	-4,935703	-0,784376	-47,220985	-5,456709	-0,229459	-47,115749	-3,592135	-2,858853	-46,920502	-6,698782	1,054432
-47,165508	-4,848208	-0,824765	-47,138012	-4,938288	-0,783754	-47,223957	-5,459608	-0,220435	-47,114017	-3,591748	-2,866307	-46,905769	-6,788711	1,165905
-47,160488	-4,848173	-0,830794	-47,134735	-4,942056	-0,785437	-47,22541	-5,463925	-0,211395	-47,116058	-3,592483	-2,858039	-46,908302	-6,889966	1,340215
-47,160458	-4,864892	-0,820016	-47,134232	-4,944235	-0,785462	-47,229591	-5,470563	-0,196731	-47,114861	-3,592053	-2,865617	-46,888588	-7,034531	1,629407
-47,154854	-4,86498	-0,825875	-47,131317	-4,946783	-0,787616	-47,231239	-5,475854	-0,186585	-47,116257	-3,592035	-2,860827	-46,879379	-7,183712	1,932788
-47,155983	-4,879288	-0,816778	-47,130932	-4,947985	-0,787974	-47,237408	-5,49259	-0,158165	-47,114212	-3,591732	-2,866334	-46,861317	-7,348885	2,246141
-47,15115	-4,878834	-0,821059	-47,129341	-4,952763	-0,78665	-47,239708	-5,500403	-0,144599	-47,11504	-3,592048	-2,860049	-46,991505	-7,457147	2,571784
-47,153	-4,89519	-0,809268	-47,12944	-4,956065	-0,784724	-47,248554	-5,526033	-0,103099	-47,113388	-3,591576	-2,866005	-47,012283	-7,567349	2,960618
-47,148548	-4,894968	-0,813079	-47,127663	-4,959494	-0,784482	-47,251053	-5,534303	-0,089031	-47,11562	-3,592033	-2,859914	-47,001904	-7,683577	3,123329
-47,150784	-4,909239	-0,802293	-47,127529	-4,963062	-0,782487	-47,256859	-5,54788	-0,06553	-47,113663	-3,591954	-2,866243	-46,999062	-7,7759	3,242244
-47,147133	-4,908724	-0,805154	-47,127354	-4,968174	-0,778859	-47,257332	-5,551279	-0,059826	-47,111023	-3,633021	-2,803745	-46,977093	-7,870739	3,343866
-47,149574	-4,921036	-0,79553	-47,128128	-4,973535	-0,774108	-47,27039	-5,590293	0,002813	-47,102222	-3,693356	-2,724336	-47,011383	-8,010706	3,601601
-47,146652	-4,920366	-0,797653	-47,127609	-4,978238	-0,771002	-47,272224	-5,597153	0,012702	-47,09169	-3,764615	-2,605176	-47,249866	-8,191714	4,188967
-47,149345	-4,934283	-0,785631	-47,128143	-4,982311	-0,767452	-47,278446	-5,602459	0,026496	-47,071793	-3,842646	-2,454086	-47,495724	-8,448434	5,191982
-47,146755	-4,934039	-0,787657	-47,12756	-4,985508	-0,765534	-47,27758	-5,603582	0,027199	-47,047264	-3,925112	-2,262866	-47,508511	-8,732002	6,414531
-47,14922	-4,946488	-0,776645	-47,129074	-4,993315	-0,757554	-47,292595	-5,649016	0,099291	-47,011429	-4,010832	-2,044187	-47,7164	-9,198131	7,713775
-47,147369	-4,946023	-0,778019	-47,130371	-4,9995	-0,750839	-47,294407	-5,656165	0,108698	-46,969196	-4,092804	-1,774004	-47,712475	-9,752773	10,767224
-47,149414	-4,957314	-0,767906	-47,131878	-5,004646	-0,744915	-47,297085	-5,659292	0,114348	-46,979565	-4,211847	-1,655923	-47,696339	-10,879777	14,51605
-47,148273	-4,956788	-0,768798	-47,132507	-5,009811	-0,739736	-47,298267	-5,659192	0,115138	-47,007313	-4,31916	-1,535482	-47,550522	-12,241828	18,360302
-47,149921	-4,971547	-0,755096	-47,133957	-5,014078	-0,734528	-47,301941	-5,662118	0,122217	-47,043701	-4,40398	-1,426021	-47,196918	-13,526929	22,027687
-47,147709	-4,971585	-0,757129	-47,136486	-5,021229	-0,725399	-47,300076	-5,664455	0,123238	-47,096066	-4,481832	-1,299826	-46,883656	-14,441625	25,220819
-47,148514	-4,985182	-0,744718	-47,13892	-5,02754	-0,717161	-47,304302	-5,669237	0,133161	-47,142498	-4,537686	-1,190477	-46,602837	-14,919205	27,841902
-47,146553	-4,985296	-0,74631	-47,141476	-5,034123	-0,708426	-47,301403	-5,675207	0,137282	-47,146908	-4,575556	-1,142405	-46,593529	-15,173576	29,157454
-47,146633	-4,997199	-0,736265	-47,143742	-5,039855	-0,700891	-47,307171	-5,681254	0,150557	-47,146919	-4,604024	-1,10877	-46,835285	-15,427804	29,856855
-47,144749	-4,997493	-0,737645	-47,147049	-5,048096	-0,689859	-47,303429	-5,689232	0,155757	-47,146603	-4,632644	-1,07623	-47,149307	-15,473845	29,702988
-47,14436	-5,007868	-0,729554	-47,150188	-5,056444	-0,679063	-47,309769	-5,69777	0,172575	-47,143032	-4,655784	-1,0531	-47,447578	-15,371414	28,960112
-47,141514	-5,008562	-0,731643	-47,153507	-5,064124	-0,668488	-47,300247	-5,708022	0,173186	-47,142273	-4,675027	-1,030598	-47,64534	-15,191666	28,120325
-47,14082	-5,021811	-0,721699	-47,156429	-5,073024	-0,657559	-47,312733	-5,724736	0,207091	-47,15123	-4,705731	-0,987576	-47,759808	-14,978167	27,259672
-47,142601	-5,021301	-0,719731	-47,159275	-5,079315	-0,648712	-47,303207	-5,73315	0,205777	-47,153862	-4,725241	-0,962666	-47,802601	-14,715259	26,415508
-47,141418	-5,037552	-0,707553	-47,162884	-5,089768	-0,63568	-47,31506	-5,750593	0,239508	-47,155106	-4,763991	-0,923256	-47,778221	-14,404675	25,64241
-47,14333	-5,037316	-0,705295	-47,166382	-5,0978	-0,624641	-47,305706	-5,758601	0,237859	-47,15633	-4,78296	-0,901642	-47,72298	-14,057083	24,936708
-47,14444	-5,053597	-0,690075	-47,169407	-5,108499	-0,612151	-47,320877	-5,777862	0,277765	-47,158165	-4,817924	-0,866091	-47,645599	-13,707557	24,293446
-47,141911	-5,073108	-0,676233	-47,171894	-5,115233	-0,603385	-47,31192	-5,788823	0,280012	-47,157982	-4,832492	-0,851397	-47,592442	-13,379152	23,683342
-47,14502	-5,072823	-0,672724	-47,174751	-5,123782	-0,592979	-47,320896	-5,811208	0,321208	-47,165165	-4,861444	-0,816229	-47,547306	-13,060038	23,116152
-47,14238	-5,090084	-0,660816	-47,178459	-5,131816	-0,582103	-47,304264	-5,832995	0,331281	-47,165051	-4,875098	-0,803186	-47,524509	-12,76095	22,589285
-47,146095	-5,089764	-0,656659	-47,181675	-5,142114	-0,569726	-47,299236	-5,853977	0,352236	-47,171852	-4,902215	-0,771253	-47,508942	-12,473558	22,102818
-47,143379	-5,105097	-0,646368	-47,184368	-5,14919	-0,560784	-47,288795	-5,875038	0,367295	-47,170582	-4,917453	-0,759072	-47,508938	-12,206993	21,646057
-47,147732	-5,104743	-0,641617	-47,187172	-5,156858	-0,551066	-47,268066	-5,895674	0,369199	-47,171581	-4,951756	-0,729771	-47,500576	-11,950537	21,223818
-47,14423	-5,122067	-0,630387	-47,190544	-5,165037	-0,540136	-47,264591	-5,914998	0,390155	-47,168098	-4,965125	-0,721896	-47,487041	-11,709201	20,826885
-47,148705	-5,121829	-0,625469	-47,193707	-5,174747	-0,528376	-47,242085	-5,937349	0,392434	-47,167988	-4,994232	-0,698536	-47,432846	-11,469889	20,459082
-47,145329	-5,136905	-0,616011	-47,195938	-5,181708	-0,519774	-47,242401	-5,956869	0,418294	-47,164326	-5,006087	-0,69251	-47,379551	-11,254263	20,140398
-47,150059	-5,136737	-0,610823	-47,198967	-5,188966	-0,510317	-47,224945	-5,978932	0,42645	-47,165592	-5,036906	-0,666962	-47,305363	-11,057918	19,879774
-47,146751	-5,149956	-0,602794	-47,200073	-5,194366	-0,504395	-47,224258	-5,997395	0,449846	-47,162769	-5,044466	-0,663776	-47,255428	-10,894536	19,651621
-47,152172	-5,149735	-0,596969	-47,203617	-5,204402	-0,492137	-47,210987	-6,018362	0,461661	-47,164337	-5,070388	-0,642155	-47,209084	-10,748894	19,451826
-47,148228	-5,164031	-0,588671	-47,204617	-5,211558	-0,484783	-47,210575	-6,033824	0,481585	-47,162151	-5,075951	-0,640029	-47,196148	-10,631194	19,273611
-47,153599	-5,163923	-0,58289	-47,207752	-5,219567	-0,47473	-47,192852	-6,052345	0,484923	-47,161743	-5,099376	-0,622694	-47,183392	-10,524438	19,114292
-47,14991	-5,176013	-0,576109	-47,208145	-5,22431	-0,47011	-47,1945	-6,065429	0,504061	-47,160179	-5,100993	-0,623139	-47,194168	-10,441259	18,972824
-47,155331	-5,176007	-0,570273	-47,210754	-5,232003	-0,461018	-47,172638	-6,086322	0,505788	-47,159748	-5,119627	-0,609654	-47,198364	-10,367339	18,849279
-47,151905	-5,186211	-0,564792	-47,212418	-5,236545	-0,454896	-47,177887	-6,099474	0,529376	-47,158951	-5,119542	-0,610516	-47,214676	-10,315352	18,743679
-47,153915	-5,197611	-0,552728	-47,215466	-5,245734	-0,44419	-47,157455	-6,120584	0,533247	-47,160442	-5,141564	-0,592641	-47,222481	-10,271914	18,655365
-47,159557	-5,197693	-0,546657	-47,216328	-5,248674	-0,440372	-47,165325	-6,132527	0,558751	-47,159027	-5,140562	-0,593739	-47,238991	-10,247182	18,579912
-47,155979	-5,20725	-0,542148	-47,218929	-5,256217	-0,431544	-47,144081	-6,155252	0,563257	-47,165173	-5,158516	-0,572989	-47,244877	-10,227149	18,518843
-47,161346	-5,207397	-0,536332	-47,220356	-5,260745	-0,42573	-47,153355	-6,167058	0,590334	-47,164459	-5,156323	-0,574571	-47,259609	-10,222776	18,465143
-47,158146	-5,21533	-0,532789	-47,223415	-5,269396	-0,415412	-47,136452	-6,185075	0,594253	-47,167213	-5,157766	-0,570147	-47,263542	-10,219259	18,422768
-47,163239	-5,215546	-0,527226	-47,223461	-5,272627	-0,412149	-47,145538	-6,194636	0,618532	-47,166355	-5,155123	-0,572087	-47,278111	-10,227769	18,384756
-47,159508	-5,224802	-0,523485	-47,225903	-5,27997	-0,403623	-47,124073	-6,218025	0,62386	-47,166767	-5,152157	-0,574619	-47,280506	-10,234774	18,356449
-47,165104	-5,224936	-0,517336	-47,226021	-5,281518	-0,401626	-47,132778	-6,226755	0,6464	-47,165207	-5,149967	-0,577006	-47,295635	-10,24938	18,327993
-47,161827	-5,232513	-0,51438	-47,228722	-5,287275	-0,394014	-47,114719	-6,244944	0,649161	-47,165043	-5,146744	-0,580602	-47,291119	-10,258157	18,308361
-47,166927	-5,232637	-0,508747	-47,227043	-5,290112	-0,393017	-47,122917	-6,251449	0,668288	-47,162815	-5,145117	-0,583492	-47,300804	-10,272175	18,286631
-47,164093	-5,23887	-0,506458	-47,229279	-5,294375	-0,387055	-47,103161	-6,272422	0,672695	-47,163479	-5,143616	-0,584305	-47,29047	-10,277892	18,272305
-47,168736	-5,238983	-0,501307	-47,228104	-5,29559	-0,386772	-47,111111	-6,279153	0,691882	-47,161106	-5,142031	-0,587375	-47,295612	-10,28762	18,255098
-47,165333	-5,246805	-0,498684	-47,23	-5,298114	-0,382604	-47,0924	-6,298911	0,696046	-47,160645	-5,138545	-0,591356	-47,281807	-10,289193	18,243738
-47,170475	-5,246801	-0,49293	-47,229034	-5,300535	-0,381113	-47,104294	-6,304987	0,718885	-47,157925	-5,137458	-0,59464	-47,284668	-10,295125	18,229174
-47,167526	-5,253233	-0,490802	-47,231316	-5,306262	-0,373851	-47,082916	-6,326401	0,722859	-47,158585	-5,137397	-0,594487	-47,271225	-10,294698	18,219721
-47,172028	-5,253139	-0,485759	-47,230797	-5,307509	-0,372681	-47,088638	-6,332911	0,739611	-47,155838	-5,136343	-0,59775	-47,273792	-10,29828	18,205902
-47,169456	-5,258479	-0,484023	-47,232605	-5,312402	-0,36672	-47,039871	-6,381302	0,747188	-47,157574	-5,140851	-0,592653	-47,259888	-10,296049	18,19709
-47,173317	-5,258279	-0,479587	-47,232662	-5,31569	-0,363032	-47,054649	-6,39208	0,779499	-47,154873	-5,140028	-0,595998	-47,263306	-10,297909	18,183905
-47,170166	-5,265687	-0,477338	-47,235832	-5,330085	-0,344812	-47,023201	-6,422227	0,782169	-47,156242	-5,143347	-0,592178	-47,249172	-10,293463	18,175735
-47,174355	-5,265198	-0,472114	-47,23748	-5,341266	-0,33097	-47,03664	-6,426559	0,803909	-47,153496	-5,14273	-0,59506	-47,252148	-10,29302	18,162794
-47,171642	-5,271559	-0,470182	-47,240341	-5,354481	-0,314615	-47,017754	-6,446784	0,808055	-47,155006	-5,145817	-0,591244	-47,238049	-10,286084	18,154634
-47,175133	-5,271013	-0,465897	-47,241295	-5,362059	-0,305208	-47,032227	-6,449251	0,828503	-47,152843	-5,144992	-0,593895	-47,240189	-10,282725	18,141846
-47,17276	-5,2767	-0,464186	-47,244751	-5,37559	-0,287791	-47,000938	-6,486356	0,840341	-47,154564	-5,148516	-0,589351	-47,226089	-10,27319	18,134094
-47,175613	-5,276106	-0,460656	-47,247631	-5,388552	-0,26689	-47,019417	-6,502589	0,888352	-47,152367	-5,148459	-0,59196	-47,229031	-10,267233	18,121256
-47,17271	-5,284223	-0,45766	-47,251637	-5,406284	-0,241901	-46,99033	-6,529213	0,892116	-47,153858	-5,150075	-0,589135	-47,215931	-10,255193	18,113451
-47,175251	-5,283339	-0,454491	-47,253349	-5,418968	-0,224624	-47,005589	-6,546035	0,935194	-47,151917	-5,149654	-0,591077	-47,218475	-10,246524	18,100588
-47,172611	-5,291564	-0,451208	-47,256622	-5,433554	-0,204276	-46,987549	-6,569914	0,94823	-47,155102	-5,156829	-0,581482	-47,204502	-10,232082	18,093058
-47,174213	-5,29067	-0,44908	-47,258606	-5,444683	-0,188438	-46,995667	-6,592124	0,988375	-47,153347	-5,157483	-0,583012	-47,207504	-10,221802	18,081043
-47,171841	-5,298547	-0,445837	-47,262321	-5,458078	-0,168834	-46,963844	-6,620138	0,988071	-47,154388	-5,157158	-0,582312	-47,194386	-10,206055	18,074068
-47,17297	-5,297711	-0,444209	-47,263905	-5,468161	-0,154767	-46,976143	-6,637379	1,02612	-47,152901	-5,157445	-0,58358	-47,197266	-10,194463	18,062759
-47,170242	-5,307789	-0,439538	-47,267208	-5,480709	-0,136883	-46,949615	-6,665646	1,032371	-47,155357	-5,160174	-0,578438	-47,183525	-10,177581	18,056364
-47,171253	-5,3069	-0,438052	-47,268696	-5,488994	-0,125086	-46,958881	-6,684698	1,068957	-47,15443	-5,162729	-0,577255	-47,186844	-10,165632	18,045994
-47,168758	-5,316687	-0,433404	-47,272236	-5,49956	-0,109028	-46,937012	-6,712089	1,079362	-47,156326	-5,165325	-0,572971	-47,173862	-10,148867	18,041264
-47,169456	-5,315877	-0,43223	-47,272728	-5,506965	-0,099364	-46,951206	-6,730378	1,120696	-47,155853	-5,167914	-0,571229	-47,177498	-10,13708	18,031967
-47,167332	-5,324539	-0,42815	-47,275738	-5,516358	-0,085591	-46,933807	-6,770529	1,161989	-47,157761	-5,170466	-0,566974	-47,164089	-10,120528	18,028034
-47,167995	-5,323777	-0,426998	-47,275917	-5,521346	-0,079234	-46,949051	-6,798325	1,222893	-47,158531	-5,175922	-0,561375	-47,168533	-10,109697	18,019945
-47,165192	-5,334641	-0,421792	-47,278076	-5,531474	-0,065894	-46,920708	-6,836428	1,244148	-47,161022	-5,181638	-0,553755	-47,155918	-10,094219	18,017408
-47,166458	-5,333789	-0,420055	-47,279778	-5,53905	-0,054931	-46,945251	-6,864107	1,316474	-47,161491	-5,186702	-0,548799	-47,160999	-10,084805	18,010551
-47,163578	-5,344025	-0,415432	-47,283092	-5,550252	-0,038743	-46,91304	-6,902153	1,332556	-47,164879	-5,194196	-0,538564	-47,148781	-10,070663	18,009027
-47,165573	-5,343076	-0,412767	-47,283722	-5,554562	-0,032638	-46,943592	-6,93079	1,414004	-47,167175	-5,201555	-0,529608	-47,154522	-10,063055	18,003704
-47,16275	-5,357282	-0,403542	-47,285961	-5,562507	-0,021614	-46,880089	-7,004637	1,491899	-47,170017	-5,209094	-0,520013	-47,14283	-10,050899	18,003977
-47,161694	-5,356758	-0,403295	-47,285042	-5,565055	-0,019554	-46,899128	-7,069418	1,648869	-47,17189	-5,216434	-0,51161	-47,149338	-10,045247	17,999546
-47,161163	-5,391131	-0,372643	-47,288017	-5,574791	-0,00564	-46,873306	-7,138225	1,75492	-47,175488	-5,225867	-0,499476	-47,138908	-10,035192	18,000797
-47,155499	-5,394384	-0,374324	-47,289043	-5,578825	0,000609	-46,876606	-7,196129	1,875382	-47,177971	-5,23422	-0,489534	-47,145844	-10,031599	17,997833
-47,160152	-5,419809	-0,344454	-47,292274	-5,586784	0,013046	-46,856915	-7,256489	1,970515	-47,180794	-5,24244	-0,479433	-47,135532	-10,023489	17,999731
-47,16066	-5,427096	-0,334869	-47,292789	-5,589372	0,017093	-46,862003	-7,306658	2,076086	-47,182693	-5,249559	-0,47126	-47,142776	-10,022094	17,998089
-47,155186	-5,430789	-0,337379	-47,296822	-5,599505	0,033106	-46,844513	-7,362955	2,165026	-47,186867	-5,259739	-0,457878	-47,132809	-10,015985	18,000898
-47,159683	-5,468375	-0,288328	-47,295547	-5,603243	0,036682	-46,848202	-7,411016	2,263838	-47,189686	-5,268502	-0,447304	-47,140827	-10,016468	17,999531
-47,151733	-5,474666	-0,29169	-47,299107	-5,609798	0,04787	-46,835358	-7,480435	2,458402	-47,192837	-5,276721	-0,436933	-47,131283	-10,012208	18,003122
-47,157516	-5,50874	-0,243632	-47,297264	-5,611906	0,048891	-46,815247	-7,496392	2,458635	-47,194649	-5,283375	-0,42914	-47,139526	-10,014358	18,002478
-47,151142	-5,514328	-0,246247	-47,300381	-5,617829	0,058724	-46,782829	-7,521623	2,460681	-47,198448	-5,292822	-0,417035	-47,12991	-10,011631	18,006575
-47,156502	-5,543	-0,205203	-47,299538	-5,621715	0,063087	-46,788998	-7,52786	2,464454	-47,20105	-5,301163	-0,40697	-47,138062	-10,015141	18,00629
-47,152679	-5,547081	-0,206561	-47,302876	-5,625891	0,07134	-46,735088	-7,573716	2,468901	-47,204121	-5,309269	-0,396954	-47,128681	-10,013706	18,010319
-47,158737	-5,571042	-0,172105	-47,301941	-5,628392	0,073979	-46,781284	-7,597817	2,508405	-47,205082	-5,316061	-0,389967	-47,137642	-10,01846	18,010572
-47,156841	-5,573965	-0,172472	-47,304691	-5,633461	0,082349	-46,815605	-7,605575	2,534051	-47,210197	-5,333443	-0,366812	-47,128426	-10,0179	18,014561
-47,164722	-5,59562	-0,137833	-47,305523	-5,63454	0,085623	-46,883537	-7,652445	2,703474	-47,214893	-5,350192	-0,344572	-47,137177	-10,023335	18,01475
-47,16206	-5,599411	-0,138211	-47,308552	-5,643262	0,098393	-46,854088	-7,699375	2,784031	-47,218544	-5,366533	-0,324577	-47,127987	-10,023487	18,018583
-47,169373	-5,616151	-0,109849	-47,305656	-5,646119	0,098915	-46,898468	-7,74094	2,898092	-47,221378	-5,379536	-0,308171	-47,137005	-10,029384	18,018377
-47,165478	-5,621175	-0,110332	-47,307442	-5,654019	0,109111	-46,86591	-7,784298	2,928421	-47,226681	-5,402276	-0,275032	-47,128578	-10,029886	18,02169
-47,174252	-5,63707	-0,082326	-47,308472	-5,656343	0,113537	-46,895164	-7,831262	3,019702	-47,231586	-5,422775	-0,245696	-47,138031	-10,035898	18,021002
-47,170837	-5,641507	-0,08215	-47,310181	-5,663455	0,123085	-46,853458	-7,880785	3,050291	-47,235752	-5,443486	-0,217838	-47,129757	-10,036542	18,024284
-47,180218	-5,655378	-0,054829	-47,311584	-5,665544	0,127772	-46,875153	-7,927449	3,13528	-47,238914	-5,460189	-0,194981	-47,139374	-10,042497	18,022852
-47,175186	-5,661458	-0,054616	-47,315178	-5,670943	0,138159	-46,847717	-7,976278	3,177983	-47,243324	-5,479161	-0,168692	-47,130642	-10,042671	18,025419
-47,183731	-5,672585	-0,031405	-47,311642	-5,6729	0,13725	-46,863895	-8,020839	3,254197	-47,245583	-5,493919	-0,149102	-47,140545	-10,048431	18,023561
-47,178974	-5,678698	-0,030984	-47,310162	-5,677293	0,140693	-46,841633	-8,097512	3,380407	-47,249317	-5,509198	-0,12797	-47,132641	-10,04856	18,026073
-47,186726	-5,687435	-0,011892	-47,307827	-5,679586	0,140649	-46,864189	-8,198964	3,578894	-47,25156	-5,521298	-0,111407	-47,142769	-10,05385	18,024059
-47,181831	-5,693655	-0,01115	-47,305767	-5,686823	0,146811	-46,896378	-8,344156	4,000512	-47,255699	-5,535877	-0,090248	-47,133842	-10,053051	18,025805
-47,189991	-5,70168	0,008163	-47,304714	-5,687796	0,146791	-47,059212	-8,506477	4,526252	-47,256428	-5,54716	-0,076475	-47,143299	-10,057777	18,023664
-47,184032	-5,709516	0,008889	-47,30032	-5,693643	0,148181	-47,128849	-8,73053	5,452182	-47,260761	-5,55831	-0,058944	-47,135445	-10,056936	18,025677
-47,190792	-5,715326	0,02282	-47,298573	-5,694808	0,147478	-47,177494	-8,967003	7,026133	-47,258324	-5,566444	-0,052378	-47,145123	-10,060939	18,023087
-47,184238	-5,72331	0,024084	-47,301903	-5,700325	0,157276	-47,140961	-9,316112	9,228887	-47,262932	-5,576992	-0,035038	-47,136147	-10,058975	18,024265
-47,190491	-5,727988	0,036263	-47,29718	-5,703521	0,156157	-46,89167	-9,801945	12,393432	-47,261253	-5,58575	-0,026774	-47,146038	-10,062525	18,021627
-47,184002	-5,736219	0,037748	-47,300194	-5,709529	0,166102	-46,478615	-10,602243	15,81941	-47,265274	-5,593559	-0,01328	-47,137924	-10,060385	18,023394
-47,189388	-5,739646	0,04684	-47,297302	-5,711093	0,165374	-45,979534	-11,635456	19,422447	-47,263851	-5,599653	-0,007713	-47,147186	-10,063186	18,020502
-47,181507	-5,749519	0,049031	-47,297501	-5,717923	0,173278	-45,367485	-12,67856	23,039856	-47,268349	-5,608928	0,008024	-47,137924	-10,06012	18,021666
-47,179607	-5,762081	0,060435	-47,298405	-5,720161	0,176814	-44,86977	-13,580884	26,306797	-47,264305	-5,614608	0,010029	-47,146957	-10,062531	18,019135
-47,184414	-5,764071	0,067555	-47,294647	-5,728	0,181258	-44,65234	-14,220229	28,647982	-47,267807	-5,621583	0,021909	-47,138374	-10,059292	18,020315
-47,177109	-5,774006	0,070444	-47,295322	-5,7291	0,183194	-44,924019	-14,721589	29,212523	-47,2644	-5,624763	0,021951	-47,147411	-10,061266	18,018034
-47,182064	-5,778462	0,083066	-47,292133	-5,73432	0,185564	-45,299667	-15,174936	29,608385	-47,268509	-5,630946	0,033845	-47,137241	-10,057256	18,019432
-47,162369	-5,797603	0,084592	-47,292137	-5,734152	0,185344	-45,719891	-15,405699	29,619604	-47,267464	-5,636093	0,039006	-47,145813	-10,058982	18,016666
-47,17025	-5,817326	0,121202	-47,285877	-5,742225	0,186776	-46,12772	-15,277737	28,959179	-47,271027	-5,642643	0,050531	-47,13739	-10,055293	18,017902
-47,154205	-5,829803	0,118129	-47,288544	-5,743819	0,19195	-46,481216	-15,102662	28,124594	-47,26997	-5,645726	0,053365	-47,146984	-10,056746	18,015026
-47,165215	-5,856087	0,168032	-47,288624	-5,750932	0,200619	-46,743793	-14,888091	27,306149	-47,274067	-5,65123	0,064596	-47,13744	-10,052396	18,015984
-47,151611	-5,867175	0,165647	-47,290737	-5,750623	0,203119	-46,959095	-14,691594	26,49898	-47,271103	-5,655958	0,067068	-47,146255	-10,053749	18,012896
-47,161476	-5,889299	0,207836	-47,289444	-5,759155	0,211395	-47,108776	-14,450586	25,772223	-47,275593	-5,661188	0,078413	-47,137474	-10,04982	18,014317
-47,147598	-5,900823	0,205664	-47,289394	-5,7613	0,214156	-47,26162	-14,258446	25,077374	-47,269791	-5,665431	0,077011	-47,146645	-10,051201	18,011379
-47,158005	-5,923025	0,248576	-47,28616	-5,769106	0,2195	-47,36935	-14,004827	24,452412	-47,27549	-5,67012	0,0894	-47,137123	-10,047012	18,012716
-47,145138	-5,933941	0,24687	-47,28146	-5,771778	0,217209	-47,510094	-13,804352	23,845633	-47,268269	-5,676023	0,088143	-47,145702	-10,048509	18,009838
-47,154747	-5,952837	0,284033	-47,279343	-5,777703	0,221726	-47,62392	-13,548157	23,290972	-47,272865	-5,680943	0,099367	-47,136803	-10,044836	18,01161
-47,142639	-5,963274	0,282882	-47,268421	-5,789227	0,22472	-47,777088	-13,323859	22,753279	-47,267864	-5,684639	0,098464			
-47,151737	-5,980411	0,31729	-47,257149	-5,808054	0,238446	-47,919357	-13,075903	22,266453	-47,272614	-5,688232	0,108317			
-47,138874	-5,991894	0,3161	-47,247643	-5,822284	0,246648	-48,076221	-12,8502	21,799889	-47,265732	-5,693978	0,107249			
-47,148418	-6,008944	0,350965	-47,237595	-5,837503	0,255358	-48,211716	-12,618987	21,369789	-47,270645	-5,699854	0,119899			
-47,145447	-6,034533	0,380811	-47,228458	-5,849642	0,261167	-48,338314	-12,404434	20,963676	-47,26516	-5,70438	0,119157			
-47,134125	-6,045112	0,380348	-47,222324	-5,865215	0,275359	-48,428577	-12,189928	20,582443	-47,270565	-5,709083	0,131132			
-47,14249	-6,058235	0,408384	-47,214897	-5,877535	0,283298	-48,474361	-11,981889	20,216635	-47,263805	-5,714988	0,130294			
-47,130226	-6,069893	0,407958	-47,208305	-5,893443	0,296958	-48,433224	-11,755013	19,843002	-47,26825	-5,719978	0,14121			
-47,139164	-6,084764	0,439078	-47,202503	-5,905051	0,305551	-48,310555	-11,512671	19,479734	-47,263557	-5,723855	0,140622			
-47,12796	-6,095388	0,438572	-47,194736	-5,921691	0,318508	-48,207272	-11,296893	19,219461	-47,268402	-5,727428	0,150504			
-47,13678	-6,109179	0,46811	-47,19482	-5,933436	0,334061	-48,062416	-11,103073	19,022259	-47,262131	-5,733334	0,150012			
-47,126251	-6,119421	0,467856	-47,190369	-5,951076	0,352424	-47,942173	-10,933897	18,843401	-47,267155	-5,739556	0,16304			
-47,134308	-6,131032	0,493341	-47,188175	-5,962533	0,364778	-47,811958	-10,790098	18,693443	-47,261478	-5,744692	0,16253			
-47,122742	-6,142179	0,493289	-47,183517	-5,975183	0,376161	-47,700977	-10,664719	18,565914	-47,266026	-5,749221	0,172999			
-47,131218	-6,154103	0,519966	-47,177387	-5,983858	0,380116	-47,640709	-10,568862	18,45742	-47,260738	-5,755037	0,173572			
-47,114239	-6,169662	0,519339	-47,167698	-5,999495	0,389374	-47,585316	-10,481619	18,363028	-47,265602	-5,759752	0,184777			
-47,131203	-6,191357	0,566684	-47,167896	-6,009171	0,402066	-47,586117	-10,419995	18,281046	-47,25935	-5,765611	0,184281			
-47,115814	-6,204284	0,56682	-47,161148	-6,023294	0,412888	-47,581829	-10,365019	18,209379	-47,264229	-5,775274	0,201553			
-47,13213	-6,225399	0,61271	-47,158699	-6,0317	0,420557	-47,583061	-10,330277	18,151251	-47,250221	-5,793447	0,211122			
-47,114346	-6,2413	0,61274	-47,154495	-6,045996	0,434415	-47,569965	-10,301991	18,108006	-47,255638	-5,813778	0,244523			
-47,130527	-6,260936	0,656364	-47,153805	-6,055573	0,445832	-47,576748	-10,294771	18,078854	-47,242321	-5,828612	0,249321			
-47,11433	-6,27585	0,657087	-47,152218	-6,069857	0,462772	-47,56493	-10,288138	18,056389	-47,247066	-5,84465	0,27588			
-47,129299	-6,292134	0,694779	-47,150654	-6,077979	0,471148	-47,572624	-10,300114	18,044239	-47,234097	-5,856686	0,276973			
-47,113907	-6,306751	0,696191	-47,142857	-6,088797	0,475861	-47,565056	-10,310424	18,039316	-47,239296	-5,871997	0,303166			
-47,127354	-6,319603	0,727458	-47,140907	-6,095297	0,481622	-47,572853	-10,334285	18,034876	-47,226845	-5,884835	0,306015			
-47,126198	-6,345047	0,758521	-47,132381	-6,109872	0,490521	-47,560661	-10,353201	18,041128	-47,232037	-5,899055	0,330671			
-47,111137	-6,360431	0,761401	-47,135666	-6,116805	0,503321	-47,567066	-10,38429	18,044849	-47,22007	-5,910353	0,331771			
-47,122879	-6,368647	0,784701	-47,124817	-6,131804	0,509736	-47,551338	-10,405352	18,053356	-47,22541	-5,92476	0,356885			
-47,10664	-6,385705	0,78844	-47,127445	-6,137369	0,51997	-47,553341	-10,4355	18,057676	-47,214382	-5,937121	0,360697			
-47,119209	-6,393328	0,811708	-47,121269	-6,151254	0,530503	-47,533157	-10,452213	18,066877	-47,219948	-5,950906	0,385254			
-47,104374	-6,409742	0,816087	-47,123936	-6,157104	0,541256				-47,208694	-5,961373	0,386051			
-47,118046	-6,416538	0,840083	-47,119518	-6,168129	0,550138				-47,214306	-5,975088	0,410589			
-47,102375	-6,434617	0,845513	-47,121342	-6,171658	0,556908				-47,203979	-5,986239	0,413462			
-47,114681	-6,439779	0,865927	-47,115562	-6,183924	0,565866				-47,209137	-5,99779	0,434438			
-47,099949	-6,457756	0,872029	-47,118145	-6,188221	0,574504				-47,197414	-6,007903	0,434175			
-47,111217	-6,461583	0,889774	-47,114082	-6,200395	0,58614				-47,203381	-6,021048	0,458446			
-47,09737	-6,479486	0,896542	-47,116505	-6,203859	0,593856				-47,192989	-6,031221	0,459872			
-47,111809	-6,483102	0,918118	-47,116291	-6,212121	0,60449				-47,198246	-6,041245	0,478972			
-47,096645	-6,502865	0,926083	-47,116943	-6,213771	0,60724				-47,187645	-6,050521	0,478735			
-47,109676	-6,505792	0,944682	-47,111862	-6,224009	0,615024				-47,193298	-6,061215	0,499333			
-47,09462	-6,525523	0,952984	-47,112942	-6,226101	0,619271				-47,184238	-6,071074	0,501818			
-47,108059	-6,527905	0,972754	-47,108578	-6,235782	0,627279				-47,189632	-6,08123	0,521347			
-47,085052	-6,556784	0,986457	-47,110401	-6,235486	0,629227				-47,179768	-6,089684	0,520959			
-47,098045	-6,558757	1,005232	-47,103367	-6,24473	0,633458				-47,184227	-6,096783	0,535162			
-47,07505	-6,588531	1,019988	-47,105682	-6,245568	0,637616				-47,174698	-6,106456	0,536993			
-47,089935	-6,59028	1,040936	-47,095486	-6,255879	0,639982				-47,179958	-6,115975	0,555672			
-47,062687	-6,623834	1,056104	-47,097836	-6,254529	0,641738				-47,169895	-6,124551	0,55535			
-47,087597	-6,627584	1,091793	-47,088234	-6,264652	0,644007				-47,174488	-6,132048	0,570389			
-47,052452	-6,67053	1,111373	-47,090252	-6,263962	0,646178				-47,165363	-6,139945	0,570285			
-47,076759	-6,674606	1,146368	-47,082726	-6,272127	0,648491				-47,170498	-6,147127	0,585814			
-47,040371	-6,719563	1,16689	-47,076984	-6,277035	0,648968				-47,154453	-6,159039	0,583353			
-47,064133	-6,723953	1,201257	-47,082928	-6,28867	0,673636				-47,164963	-6,172065	0,613501			
-47,03035	-6,766813	1,220817	-47,074825	-6,29204	0,669647				-47,147686	-6,184265	0,610614			
-47,055244	-6,770861	1,258195	-47,049911	-6,310338	0,665762				-47,150341	-6,198975	0,633368			
-47,018097	-6,815257	1,28012	-47,043896	-6,311487	0,661361				-47,135025	-6,209854	0,630554			
-47,044685	-6,819929	1,320095	-46,996658	-6,344899	0,651388				-47,115612	-6,224012	0,625928			
-47,00642	-6,86588	1,34264	-46,998318	-6,347952	0,656287				-47,102249	-6,232614	0,621874			
-47,032425	-6,870989	1,382162	-46,988007	-6,359101	0,658754				-47,104546	-6,245832	0,641764			
-46,996319	-6,914657	1,403358	-46,98597	-6,3645	0,662301				-47,090221	-6,257803	0,640333			
-47,021343	-6,920097	1,441917	-47,001251	-6,374275	0,693572				-47,094505	-6,272121	0,663677			
-46,987381	-6,961403	1,461712	-46,99411	-6,388136	0,699816				-47,080906	-6,283943	0,66258			
-47,013477	-6,96752	1,502346	-47,017117	-6,405351	0,74696				-47,094784	-6,297651	0,696553			
-46,958614	-7,018844	1,533823	-47,012341	-6,418016	0,755059				-47,076382	-6,316746	0,696535			
-46,985641	-7,051853	1,635589	-47,036282	-6,438084	0,806836				-47,060364	-6,339836	0,703975			
-46,942085	-7,088059	1,648848	-47,030914	-6,449454	0,812327				-47,048862	-6,349602	0,700006			
-46,976566	-7,12781	1,776024	-47,055813	-6,468012	0,863488				-46,990162	-6,385965	0,67442			
-46,934784	-7,16481	1,792489	-47,049095	-6,495715	0,896318				-47,004971	-6,400272	0,707677			
-46,964317	-7,202072	1,907713	-47,061234	-6,523629	0,949079				-47,001503	-6,428141	0,736629			
-46,922016	-7,240528	1,926036	-47,057842	-6,548234	0,977813				-46,99593	-6,439086	0,741338			
-46,949856	-7,279903	2,043033	-47,052673	-6,577901	1,011651				-46,994553	-6,463902	0,769108			
-46,909016	-7,316901	2,059658	-47,052486	-6,602056	1,043598				-46,990753	-6,47674	0,778204			
-46,934753	-7,356773	2,169304	-47,048367	-6,630722	1,077404				-47,007545	-6,506358	0,840753			
-46,895996	-7,390931	2,178903	-47,046944	-6,6518	1,10333				-47,004951	-6,533411	0,873782			
-46,958496	-7,435956	2,343638	-47,049793	-6,679307	1,144179				-47,019489	-6,562796	0,93297			
-46,884148	-7,49303	2,349663	-47,046158	-6,700479	1,16774				-47,016376	-6,589096	0,963758			
-46,963474	-7,553515	2,543309	-47,047131	-6,734505	1,221024				-47,026524	-6,614645	1,012043			
-46,932186	-7,581037	2,543949	-47,048622	-6,762342	1,264444				-47,026417	-6,636023	1,039347			
-46,989563	-7,61771	2,677571	-47,060932	-6,792178	1,325737				-47,032738	-6,663229	1,084495			
-46,993622	-7,633124	2,677147	-47,062054	-6,816762	1,362887				-47,03154	-6,682391	1,108658			
-46,962185	-7,689812	2,735725	-47,066624	-6,843582	1,408795				-47,036659	-6,707532	1,14963			
-46,970646	-7,706198	2,766432	-47,065655	-6,865901	1,440538				-47,032047	-6,723221	1,164722			
-46,952938	-7,723122	2,76565	-47,067947	-6,885518	1,472162				-47,039448	-6,755307	1,22448			
-46,992825	-7,779788	2,886642	-47,065857	-6,904527	1,497473				-47,035362	-6,781449	1,259176			
-46,954269	-7,80874	2,885076	-47,069363	-6,923405	1,530421				-47,050465	-6,812657	1,327369			
-47,010117	-7,887829	3,064938	-47,061741	-6,942262	1,548436				-47,038769	-6,833951	1,344459			
-46,939457	-7,932693	3,064867	-47,040501	-6,989766	1,623518				-47,049191	-6,855902	1,391983			
-46,997757	-8,016444	3,252061	-47,030956	-7,037963	1,710307				-47,040699	-6,876819	1,411913			
-46,925076	-8,062514	3,251004	-47,016331	-7,085969	1,789611				-47,049648	-6,893872	1,450077			
-46,995865	-8,15916	3,507374	-47,011452	-7,128546	1,87056				-47,041615	-6,910927	1,464544			
-46,905506	-8,24813	3,608436	-46,99073	-7,173087	1,934187				-47,05035	-6,922749	1,494516			
-46,93924	-8,319652	3,791946	-46,989517	-7,209031	2,005275				-47,042068	-6,93735	1,50498			
-46,865303	-8,394081	3,879748	-46,977825	-7,246643	2,06604				-47,048561	-6,95782	1,549206			
-46,923649	-8,487971	4,121302	-46,97575	-7,276868	2,12362				-47,027134	-6,999477	1,613277			
-46,828693	-8,634029	4,502947	-46,978821	-7,310761	2,196967				-47,035076	-7,039373	1,707954			
-46,888115	-8,751106	5,049481	-46,970608	-7,33829	2,240779				-47,015579	-7,082324	1,770759			
-46,916142	-8,904074	5,473413	-46,971909	-7,367629	2,301179				-47,025047	-7,118517	1,858417			
-46,901791	-9,031373	6,04457	-46,987122	-7,412747	2,44488				-47,001125	-7,155917	1,904316			
-46,958157	-9,180421	7,005327	-46,987598	-7,425698	2,470042				-47,00983	-7,18604	1,978468			
-47,064808	-9,342509	8,124109	-46,969139	-7,441358	2,472508				-46,986221	-7,22159	2,019372			
-46,951332	-9,500947	9,705335	-46,978024	-7,440938	2,483692				-46,999062	-7,250822	2,096997			
-46,761543	-9,803305	11,618305	-46,961956	-7,454457	2,4814				-46,972256	-7,283075	2,126496			
-46,472973	-10,205576	13,553766	-46,971092	-7,456624	2,501319				-46,984665	-7,310208	2,19875			
-46,115967	-10,684815	15,581235	-46,955349	-7,468719	2,498825				-46,962151	-7,341248	2,230828			
-45,607872	-11,13971	17,624489	-46,960751	-7,470631	2,512061				-46,974548	-7,366064	2,297812			
-45,063072	-11,556313	19,603836	-46,95142	-7,478211	2,510386				-46,961857	-7,410617	2,393626			
-44,451523	-11,929038	21,5214	-46,932686	-7,492791	2,51253				-46,96452	-7,441644	2,50171			
-43,818111	-12,281938	23,352333	-46,929131	-7,495092	2,511214				-46,939083	-7,457025	2,500031			
-43,309837	-12,583748	24,885908	-46,900074	-7,521584	2,530496				-46,922638	-7,46698	2,49711			
-43,114552	-12,784531	25,432306	-46,897964	-7,521906	2,530106				-46,91214	-7,473694	2,495218			
-43,047455	-12,950848	25,475378	-46,878078	-7,538666	2,537903				-46,88364	-7,500504	2,505277			
-43,056835	-12,950621	25,257284	-46,876564	-7,538093	2,537866				-46,876167	-7,505139	2,503318			
-43,100952	-12,827904	24,772692	-46,861649	-7,549836	2,541432				-46,854958	-7,522282	2,506592			
-43,183121	-12,660302	24,177778	-46,860985	-7,549681	2,541002				-46,85128	-7,525285	2,506528			
-43,261528	-12,481097	23,594631	-46,850372	-7,556651	2,542537				-46,833496	-7,540669	2,510808			
-43,372044	-12,311259	23,049385	-46,850506	-7,555049	2,542723				-46,82571	-7,545475	2,509917			
-43,479805	-12,140757	22,548687	-46,846912	-7,557476	2,543248				-46,816315	-7,552336	2,510355			
-43,631771	-11,979176	22,082397	-46,846046	-7,556733	2,54304				-46,808914	-7,557217	2,510353			
-43,7887	-11,817184	21,647367	-46,841995	-7,5587	2,543552				-46,803673	-7,561242	2,511016			
-43,98822	-11,662498	21,229849	-46,841953	-7,556479	2,543804				-46,795143	-7,566563	2,51102			
-44,192039	-11,507872	20,837034	-46,837257	-7,56011	2,545095				-46,799603	-7,563198	2,514179			
-44,429005	-11,361801	20,461245	-46,835674	-7,558683	2,545234				-46,795685	-7,566313	2,514212			
-44,668068	-11,218044	20,109507	-46,828331	-7,564342	2,546602				-46,791565	-7,579419	2,527674			
-44,938492	-11,085855	19,778439	-46,829147	-7,562274	2,546393				-46,789883	-7,579184	2,52808			
-45,211517	-10,95823	19,469357	-46,822578	-7,569278	2,54977				-46,769684	-7,601279	2,540226			
-45,514233	-10,842508	19,171394	-46,824299	-7,56639	2,55046				-46,771816	-7,599251	2,539533			
-45,819279	-10,732701	18,891907	-46,820396	-7,570499	2,551946				-46,75272	-7,616775	2,542209			
-46,152569	-10,63645	18,622236	-46,820091	-7,569241	2,551024				-46,741478	-7,619716	2,533025			
-46,487675	-10,548076	18,370268	-46,81321	-7,575553	2,553039				-46,713142	-7,637701	2,514449			
-46,849388	-10,476003	18,132376	-46,813137	-7,574427	2,552515				-46,769924	-7,611977	2,517043			
-47,211018	-10,414028	17,910917	-46,811447	-7,575024	2,551414				-46,813026	-7,614527	2,546233			
-47,589783	-10,368024	17,695469	-46,812229	-7,57384	2,551185				-46,858868	-7,659592	2,720057			
-47,956505	-10,332232	17,493258	-46,816345	-7,569092	2,547989				-46,82909	-7,702093	2,767761			
-48,315418	-10,310605	17,297443	-46,815819	-7,568873	2,547683				-46,837482	-7,714325	2,803938			
-48,633228	-10,296366	17,113123	-46,82156	-7,563682	2,545331				-46,862583	-7,721927	2,852169			
-48,895088	-10,289224	16,935192	-46,806503	-7,569645	2,538378				-46,859669	-7,731178	2,859297			
-49,065552	-10,280015	16,766338	-46,72905	-7,609617	2,521425				-46,83519	-7,823526	2,991116			
-49,110989	-10,256018	16,57902	-46,734547	-7,606399	2,499282				-46,835068	-7,839016	3,012138			
-48,924461	-10,17047	16,286499	-46,774185	-7,592743	2,50535				-46,860229	-7,840696	3,032079			
-48,686844	-10,093784	16,115286	-46,814598	-7,581203	2,513733				-46,857124	-7,845195	3,032188			
-48,58498	-10,035956	16,016327	-46,834297	-7,587876	2,529461				-46,822674	-7,914953	3,116272			
-48,383644	-9,980639	16,033096	-46,879704	-7,622571	2,657551				-46,816788	-7,927781	3,123171			
-48,312645	-9,920873	16,070986	-46,921432	-7,667833	2,838232				-46,857132	-7,927691	3,152107			
-48,326572	-9,896796	16,058765	-46,93885	-7,683403	2,872379				-46,833359	-7,944848	3,152099			
-48,232147	-9,856278	16,011282	-46,958282	-7,707032	2,921165				-46,898979	-7,957207	3,229177			
-48,159153	-9,839712	15,994828	-46,966713	-7,721251	2,94497				-46,869606	-7,979089	3,230886			
-48,113186	-9,836074	15,980008	-46,969772	-7,745379	2,980413				-46,864014	-7,990507	3,237238			
-48,09528	-9,831496	15,965053	-46,982929	-7,759804	3,011744				-46,849281	-8,00166	3,234938			
-48,118824	-9,831089	15,942105	-46,988888	-7,7822	3,050232				-46,883179	-8,033304	3,327763			
-48,150654	-9,82987	15,919304	-47,001038	-7,794307	3,077612				-46,858334	-8,078814	3,389282			
-48,202881	-9,834048	15,891232	-47,01791	-7,817987	3,12909				-46,875072	-8,11722	3,476506			
-48,229733	-9,835751	15,870618	-47,024193	-7,827172	3,147381				-46,852928	-8,180512	3,596195			
-48,263954	-9,844701	15,846583	-47,039894	-7,846685	3,191881				-46,85479	-8,271509	3,840763			
-48,277645	-9,851999	15,842671	-47,039032	-7,85063	3,195707				-46,810364	-8,385423	4,083027			
-48,275917	-9,855913	15,843365	-47,049389	-7,861667	3,221971				-46,794994	-8,556496	4,636013			
-48,283436	-9,862558	15,839428	-47,049698	-7,863232	3,224124				-46,868	-8,645976	5,33354			
-48,275974	-9,865202	15,839088	-47,046513	-7,871568	3,235368				-46,908314	-8,8072	6,067641			
-48,277344	-9,87008	15,834764	-47,046764	-7,871078	3,235584				-46,911575	-8,987397	6,987717			
-48,262783	-9,871375	15,840709	-47,036079	-7,878094	3,239398				-46,965408	-9,220207	8,355088			
-48,256947	-9,874945	15,842973	-47,038952	-7,875699	3,240185				-46,750099	-9,440197	10,448404			
-48,236423	-9,873757	15,847964	-47,025795	-7,885669	3,248063				-46,514965	-9,902205	13,241839			
-48,225983	-9,874412	15,848318	-47,027283	-7,883168	3,24884				-46,071438	-10,570831	16,417736			
-48,201805	-9,870497	15,852434	-47,013611	-7,890227	3,254085				-45,555782	-11,433928	19,798225			
-48,188824	-9,868684	15,852701	-47,019619	-7,885334	3,255892				-44,965008	-12,308271	23,169458			
-48,16217	-9,863234	15,862783	-47,001888	-7,900969	3,268597				-44,345764	-13,070981	26,319769			
-48,147068	-9,860256	15,868576	-47,009853	-7,895549	3,271154				-44,040169	-13,601395	28,484816			
-48,119514	-9,852653	15,876391	-47,001316	-7,900374	3,276284				-44,249802	-14,092409	29,470863			
-48,104351	-9,847291	15,879261	-47,016068	-7,892172	3,281046				-44,579754	-14,50878	30,126003			
-48,077061	-9,837661	15,885478	-47,017395	-7,893621	3,287506				-45,085934	-14,774653	29,971315			
-48,062645	-9,830703	15,887695	-47,028774	-7,885981	3,290323				-45,597309	-14,889483	29,328121			
-48,035767	-9,820574	15,899354	-47,041908	-7,893648	3,315958				-45,99184	-14,827031	28,617365			
-48,021641	-9,813608	15,906612	-47,037918	-7,893958	3,311276				-46,339344	-14,769655	27,827042			
-47,995712	-9,802575	15,915821	-46,993793	-7,918961	3,311298				-46,60342	-14,629225	27,019617			
-47,982899	-9,79459	15,920305	-47,005142	-7,914884	3,31218				-46,819241	-14,462366	26,238762			
-47,958309	-9,782962	15,928135	-46,927937	-7,964501	3,32066				-46,998859	-14,262288	25,513521			
-47,947044	-9,774831	15,93209	-46,950912	-7,994628	3,403182				-47,149555	-14,024188	24,837481			
-47,923588	-9,764161	15,945319	-46,8405	-8,050858	3,401029				-47,285629	-13,736116	24,209496			
-47,913177	-9,757436	15,954205	-46,869167	-8,094497	3,507441				-47,413574	-13,429233	23,628481			
-47,890965	-9,747226	15,965107	-46,836891	-8,18223	3,661632				-47,56332	-13,147334	23,072323			
-47,882008	-9,740808	15,971537	-46,899727	-8,298172	4,056466				-47,711044	-12,875953	22,548697			
-47,86121	-9,731261	15,981339	-47,051048	-8,446783	4,563087				-47,868702	-12,62467	22,052664			
-47,853844	-9,725845	15,98735	-47,137108	-8,60384	5,241305				-48,005722	-12,384084	21,594456			
-47,834248	-9,718303	16,002478	-47,158676	-8,76062	6,082979				-48,13847	-12,162479	21,160191			
-47,827793	-9,715198	16,013262	-47,235954	-9,001084	7,37078				-48,230785	-11,949537	20,760052			
-47,809364	-9,708899	16,026091	-47,207787	-9,263091	9,421577				-48,291569	-11,749326	20,38076			
-47,804253	-9,706769	16,034533	-47,016209	-9,739661	12,517693				-48,285049	-11,548262	20,014774			
-47,787121	-9,701676	16,046272	-46,637444	-10,52095	15,878464				-48,18256	-11,326166	19,625933			
-47,78347	-9,700932	16,054138	-46,220833	-11,546371	19,404139				-48,069828	-11,114158	19,3018			
-47,768021	-9,697255	16,065262	-45,626217	-12,566424	22,939678				-47,973305	-10,92978	19,077702			
-47,765591	-9,698739	16,077995	-45,149426	-13,444611	26,116796				-47,842335	-10,764293	18,891485			
-47,7509	-9,697389	16,093464	-44,921787	-14,070045	28,394482				-47,721962	-10,627165	18,724384			
-47,749279	-9,700057	16,103756	-45,210453	-14,581426	28,911762				-47,579353	-10,505159	18,586588			
-47,735386	-9,69949	16,116766	-45,611942	-15,053131	29,251451				-47,490761	-10,415187	18,471893			
-47,734818	-9,70307	16,125706	-46,015892	-15,338196	29,225733				-47,402847	-10,337592	18,3801			
-47,722038	-9,703452	16,137791	-46,435436	-15,330713	28,546997				-47,378086	-10,283079	18,292267			
-47,722271	-9,708753	16,151228	-46,7183	-15,082025	27,708982				-47,373699	-10,236306	18,220875			
-47,709984	-9,710895	16,167198	-46,926311	-14,778286	26,890362				-47,393963	-10,205373	18,15308			
-47,710716	-9,716754	16,177818	-47,073223	-14,488935	26,108744				-47,403965	-10,181035	18,100578			
-47,698925	-9,719028	16,190994	-47,191345	-14,190882	25,380072				-47,423611	-10,171353	18,056173			
-47,700401	-9,725107	16,199884	-47,269489	-13,895654	24,716286				-47,426525	-10,167212	18,030941			
-47,689411	-9,727617	16,21174	-47,361622	-13,612619	24,091455				-47,442844	-10,175039	18,009106			
-47,691376	-9,734679	16,224684	-47,448452	-13,331799	23,50318				-47,44558	-10,182899	17,997921			
-47,680576	-9,738212	16,240025	-47,569294	-13,06449	22,943012				-47,45882	-10,197718	17,985464			
-47,68272	-9,745122	16,249907	-47,684113	-12,803238	22,429571				-47,458553	-10,2095	17,981949			
-47,672108	-9,748108	16,262278	-47,821854	-12,56008	21,945017				-47,468391	-10,225536	17,977627			
-47,674694	-9,754587	16,270245	-47,946541	-12,32653	21,492878				-47,461727	-10,235529	17,981985			
-47,664604	-9,757182	16,281101	-48,073784	-12,10876	21,064413				-47,463799	-10,247576	17,980982			
-47,667423	-9,764046	16,292898	-48,172283	-11,90098	20,665886				-47,452129	-10,253777	17,984116			
-47,65728	-9,767098	16,307056	-48,247086	-11,703672	20,286369				-47,449734	-10,26179	17,983372			
-47,66003	-9,77331	16,315756	-48,263023	-11,505958	19,920479				-47,434795	-10,265615	17,988586			
-47,652847	-9,780769	16,33378	-48,184143	-11,286042	19,526165				-47,429024	-10,270947	17,987175			
-47,643021	-9,782103	16,343489	-48,083706	-11,072744	19,197483				-47,412083	-10,272165	17,988899			
-47,646088	-9,787587	16,354099	-48,007732	-10,889462	18,966726				-47,404797	-10,274693	17,986019			
-47,63607	-9,789129	16,367109	-47,883224	-10,719205	18,782642				-47,386711	-10,273561	17,989597			
-47,628777	-9,794227	16,385002	-47,777786	-10,5791	18,60618				-47,377796	-10,273089	17,986704			
-47,631786	-9,798006	16,390909	-47,647846	-10,451396	18,461618				-47,359604	-10,268663	17,986208			
-47,621902	-9,797695	16,399776	-47,564137	-10,354835	18,335583				-47,351318	-10,26533	17,982655			
-47,624943	-9,801583	16,409561	-47,495148	-10,271651	18,235554				-47,333549	-10,257461	17,981926			
-47,614822	-9,801536	16,421818	-47,470829	-10,21022	18,14097				-47,325016	-10,250854	17,978067			
-47,617615	-9,804704	16,428839	-47,460838	-10,156779	18,059576				-47,307865	-10,240146	17,976351			
-47,60733	-9,803709	16,438576	-47,475475	-10,121182	17,985695				-47,301186	-10,231052	17,971077			
-47,610264	-9,806185	16,444056	-47,476128	-10,092676	17,928509				-47,285305	-10,217806	17,969471			
-47,600254	-9,804641	16,452557	-47,487469	-10,081631	17,883963				-47,278835	-10,206409	17,964336			
-47,603638	-9,806643	16,456785	-47,487778	-10,076062	17,853832				-47,263496	-10,191155	17,961777			
-47,593708	-9,805457	16,469301	-47,50061	-10,083601	17,827267				-47,258568	-10,178749	17,956938			
-47,596771	-9,808024	16,477125	-47,501213	-10,091496	17,811049				-47,244919	-10,162789	17,955278			
-47,586613	-9,806411	16,487143	-47,514824	-10,109388	17,795631				-47,240589	-10,149285	17,950056			
-47,579525	-9,806392	16,501543	-47,51347	-10,123267	17,788305				-47,22731	-10,132901	17,948439			
-47,582817	-9,80814	16,506136	-47,523224	-10,144388	17,781887				-47,224358	-10,119921	17,944317			
-47,572781	-9,806787	16,518999	-47,516426	-10,158379	17,783844				-47,212353	-10,104229	17,943523			
-47,575829	-9,809343	16,527191	-47,520531	-10,1768	17,780701				-47,209942	-10,091831	17,940056			
-47,565624	-9,807795	16,537619	-47,509022	-10,18652	17,782837				-47,198467	-10,077218	17,939896			
-47,568707	-9,809964	16,543701	-47,507927	-10,199614	17,77939				-47,196823	-10,066358	17,936926			
-47,55862	-9,808249	16,552898	-47,492111	-10,206411	17,786604				-47,185982	-10,053332	17,938047			
-47,562031	-9,810378	16,557915	-47,487301	-10,217035	17,78772				-47,185402	-10,044487	17,93668			
-47,552078	-9,809429	16,571135	-47,468826	-10,221478	17,793362				-47,175972	-10,033596	17,93799			
-47,555298	-9,812485	16,579674	-47,462872	-10,229108	17,792751				-47,175964	-10,026644	17,936649			
-47,545212	-9,811453	16,590483	-47,441719	-10,230369	17,796026				-47,16721	-10,017911	17,939543			
-47,548504	-9,814219	16,596949	-47,433487	-10,235564	17,800112				-47,167641	-10,013188	17,939325			
-47,538574	-9,813094	16,606499	-47,410976	-10,234451	17,805811				-47,159763	-10,006733	17,942482			
-47,542225	-9,815863	16,611834	-47,404205	-10,236656	17,807283				-47,161266	-10,00422	17,94257			
-47,532455	-9,815518	16,62529	-47,382214	-10,231601	17,810276				-47,154305	-9,999988	17,946867			
-47,535931	-9,819207	16,634037	-47,376091	-10,230071	17,810471				-47,156605	-9,999522	17,947571			
-47,526024	-9,818769	16,645071	-47,353848	-10,221973	17,816601				-47,150017	-9,997061	17,951872			
-47,529564	-9,822149	16,651745	-47,348232	-10,218044	17,819107				-47,153038	-9,998497	17,952877			
-47,519825	-9,82158	16,661467	-47,326542	-10,206434	17,823242				-47,147167	-9,997711	17,957689			
-47,523724	-9,824903	16,666927	-47,322086	-10,200001	17,824818				-47,150864	-10,000637	17,95896			
-47,514133	-9,825034	16,680431	-47,302204	-10,185753	17,827707				-47,145077	-10,001018	17,963455			
-47,517841	-9,829186	16,689194	-47,298061	-10,177105	17,831009				-47,149471	-10,005167	17,964697			
-47,508087	-9,829139	16,700258	-47,279861	-10,161808	17,836452				-47,143925	-10,006483	17,969423			
-47,511848	-9,832897	16,706944	-47,27618	-10,15174	17,839083				-47,148499	-10,01135	17,970512			
-47,502247	-9,832627	16,716648	-47,258514	-10,135094	17,843552				-47,143227	-10,013251	17,974888			
-47,506344	-9,836226	16,722055	-47,255901	-10,124159	17,844425				-47,147972	-10,018535	17,975159			
-47,497269	-9,835786	16,73044	-47,239471	-10,1079	17,85214				-47,143463	-10,020747	17,979609			
-47,501522	-9,839959	16,739559	-47,237476	-10,097803	17,856827				-47,148052	-10,026114	17,979994			
-47,492184	-9,840207	16,751253	-47,221413	-10,081964	17,863764				-47,143837	-10,028319	17,983486			
-47,496162	-9,844129	16,758083	-47,220486	-10,072387	17,867256				-47,148342	-10,033316	17,982807			
-47,486683	-9,843904	16,767838	-47,205521	-10,057554	17,873222				-47,144238	-10,035365	17,98625			
-47,490845	-9,847533	16,77335	-47,205532	-10,050053	17,880842				-47,149006	-10,03988	17,985222			
-47,481682	-9,847061	16,781862	-47,190533	-10,037136	17,88969				-47,144779	-10,04152	17,988245			
-47,485935	-9,851201	16,791029	-47,191872	-10,031819	17,896986				-47,149315	-10,045572	17,986607			
-47,476536	-9,851344	16,802748	-47,177704	-10,020679	17,905186				-47,145496	-10,046589	17,988987			
-47,480503	-9,855168	16,80961	-47,179779	-10,0171	17,911627				-47,149807	-10,049944	17,98741			
-47,470955	-9,854789	16,819391	-47,166	-10,008166	17,920082				-47,145969	-10,050497	17,989651			
-47,475113	-9,858274	16,824903	-47,169918	-10,006701	17,925573				-47,150509	-10,053086	17,987133			
-47,465881	-9,857605	16,833405	-47,157505	-9,99979	17,933081				-47,146255	-10,052758	17,98872			
-47,460674	-9,861472	16,854155	-47,162117	-10,000471	17,93911				-47,150814	-10,054817	17,986572			
-47,464642	-9,865097	16,860979	-47,149975	-9,995424	17,946484				-47,146523	-10,053855	17,987822			
-47,45504	-9,864488	16,870735	-47,156124	-9,998139	17,951784				-47,151363	-10,05545	17,985298			
-47,459213	-9,867779	16,876213	-47,144844	-9,994916	17,958729				-47,14677	-10,053832	17,98646			
-47,449932	-9,866883	16,884678	-47,15221	-9,999343	17,963604				-47,151619	-10,054808	17,983749			
-47,454208	-9,870646	16,893698	-47,140984	-9,997187	17,970173				-47,14653	-10,052594	17,98472			
-47,444695	-9,87034	16,905283							-47,151447	-10,053365	17,982014			
-47,448689	-9,873799	16,912077							-47,146587	-10,050763	17,982859			
-47,439049	-9,873007	16,921824							-47,151394	-10,051214	17,980387			
-47,44326	-9,876165	16,927284							-47,1465	-10,048355	17,981468			
-47,433949	-9,875117	16,935738							-47,151005	-10,048681	17,979012			
-47,438267	-9,878774	16,944706							-47,146149	-10,045529	17,979486			
-47,428734	-9,878345	16,956255							-47,150078	-10,045605	17,97739			
-47,432774	-9,881737	16,963049							-47,145317	-10,04267	17,978397			
-47,42313	-9,880864	16,972813							-47,149761	-10,042822	17,976189			
-47,427402	-9,883998	16,978281							-47,144859	-10,039888	17,977228			
-47,418091	-9,882904	16,986748							-47,148987	-10,040103	17,975277			
-47,422485	-9,886561	16,995687							-47,143997	-10,037309	17,97665			
-47,41296	-9,88611	17,007219							-47,14838	-10,037836	17,974857			
-47,41708	-9,889536	17,014029							-47,143581	-10,035196	17,976076			
-47,407455	-9,888679	17,023819							-47,147896	-10,03581	17,974483			
-47,411823	-9,891873	17,029301							-47,142906	-10,033419	17,975746			
-47,402534	-9,890815	17,037783							-47,147438	-10,034413	17,974518			
-47,407322	-9,893812	17,041979							-47,142689	-10,032187	17,975655			
-47,398106	-9,893289	17,054016							-47,14695	-10,033291	17,974371			
-47,393135	-9,896244	17,071379							-47,142284	-10,031516	17,976048			
-47,397636	-9,89957	17,077097							-47,14698	-10,032879	17,974731			
-47,388309	-9,898623	17,085875							-47,142418	-10,031242	17,976479			
-47,393097	-9,901774	17,090347							-47,146931	-10,032831	17,975306			
-47,383854	-9,901366	17,1026							-47,142368	-10,031401	17,977135			
-47,388378	-9,905198	17,11013							-47,147282	-10,033245	17,975868			
-47,37888	-9,904564	17,120338							-47,142902	-10,031951	17,977577			
-47,383427	-9,908022	17,126219							-47,147537	-10,033753	17,976349			
-47,374081	-9,90716	17,135141							-47,14291	-10,03273	17,9785			
-47,378922	-9,910421	17,139725							-47,147739	-10,034701	17,977198			
-47,369671	-9,910072	17,152042							-47,143135	-10,033647	17,979212			
-47,37426	-9,913986	17,159618							-47,148018	-10,035704	17,977829			
-47,364758	-9,913392	17,169895							-47,143402	-10,034662	17,979923			
-47,369377	-9,916918	17,175823							-47,148209	-10,03679	17,978617			
-47,360039	-9,916078	17,18478							-47,143608	-10,035686	17,980574			
-47,364948	-9,919385	17,189379							-47,148144	-10,037702	17,979042			
-47,355705	-9,919031	17,201677							-47,143524	-10,036666	17,981176			
-47,360363	-9,922965	17,209219							-47,148235	-10,03872	17,979677			
-47,350868	-9,922352	17,219494							-47,143616	-10,037568	17,981573			
-47,35556	-9,925889	17,225405							-47,147762	-10,039345	17,97982			
-47,346226	-9,925016	17,234344							-47,143513	-10,038318	17,981878			
-47,351204	-9,92832	17,238911							-47,14817	-10,040071	17,979925			
-47,341961	-9,927917	17,251146							-47,143627	-10,038792	17,981684			
-47,346687	-9,93183	17,258619							-47,148026	-10,040408	17,979671			
-47,337193	-9,931163	17,268864							-47,143505	-10,039137	17,981594			
-47,341957	-9,934681	17,274731							-47,147675	-10,040629	17,979723			
-47,332626	-9,93375	17,28363							-47,143368	-10,039343	17,981689			
-47,337669	-9,93703	17,288145							-47,14777	-10,040834	17,979641			
-47,32843	-9,93656	17,300308							-47,143379	-10,039309	17,981321			
-47,333225	-9,940444	17,307703							-47,147717	-10,040714	17,979349			
-47,323727	-9,939713	17,317909							-47,1436	-10,039332	17,981241			
-47,328568	-9,943211	17,323729							-47,148056	-10,040554	17,978836			
-47,319241	-9,942224	17,332586							-47,143738	-10,038997	17,980766			
-47,324352	-9,945484	17,337049							-47,148205	-10,040202	17,97842			
-47,315414	-9,94426	17,344616							-47,14373	-10,038615	17,980438			
-47,320621	-9,947997	17,352411							-47,148159	-10,039926	17,978239			
-47,311401	-9,947375	17,362946							-47,143826	-10,038254	17,979906			
-47,316322	-9,95091	17,368948							-47,148342	-10,039522	17,977829			
-47,307022	-9,94993	17,378054							-47,144173	-10,038009	17,979883			
-47,31216	-9,953248	17,382778							-47,14864	-10,03923	17,977678			
-47,303131	-9,952047	17,390602							-47,144104	-10,037589	17,979643			
-47,308357	-9,955848	17,398581							-47,148457	-10,03895	17,97793			
-47,29908	-9,955245	17,409294							-47,144131	-10,037384	17,979845			
-47,304008	-9,958839	17,415466							-47,148548	-10,038691	17,977751			
-47,294659	-9,957883	17,42473							-47,144135	-10,037078	17,979635			
-47,299828	-9,961258	17,429583							-47,148411	-10,038383	17,977776			
-47,290756	-9,960075	17,437529							-47,143936	-10,036909	17,979918			
-47,296024	-9,963924	17,44557							-47,148148	-10,03828	17,978075			
-47,286716	-9,963328	17,456348							-47,143776	-10,036773	17,979895			
-47,291698	-9,96697	17,462589							-47,147839	-10,038084	17,978064			
-47,282337	-9,966022	17,471918							-47,143471	-10,036636	17,980118			
-47,287563	-9,969441	17,476807							-47,147675	-10,038097	17,978336			
-47,278477	-9,96826	17,484797							-47,143345	-10,036701	17,980291			
-47,283806	-9,972142	17,492828							-47,147636	-10,038047	17,978197			
-47,27449	-9,971539	17,503611							-47,143272	-10,036668	17,980305			
-47,279537	-9,975212	17,509859							-47,147629	-10,038126	17,978306			
-47,270172	-9,974257	17,519199							-47,143295	-10,036736	17,980389			
-47,275471	-9,977703	17,524076							-47,147438	-10,03815	17,978502			
-47,266376	-9,976507	17,532066							-47,143059	-10,0368	17,980509			
-47,271774	-9,980409	17,540052							-47,147442	-10,03834	17,978724			
-47,262455	-9,979782	17,5508							-47,143234	-10,036845	17,980265			
-47,267574	-9,983474	17,557024							-47,147491	-10,038329	17,978472			
-47,258209	-9,982496	17,566347							-47,143246	-10,036854	17,980078			
-47,26358	-9,985958	17,571188							-47,147621	-10,038426	17,978312			
-47,254482	-9,984737	17,579153							-47,143482	-10,036973	17,979971			
-47,26017	-9,987964	17,582733							-47,148075	-10,038553	17,978216			
-47,256523	-9,991035	17,600351							-47,143818	-10,037117	17,979874			
-47,247215	-9,99006	17,609888							-47,148224	-10,03858	17,978043			
-47,252674	-9,993575	17,614981							-47,144096	-10,037236	17,980013			
-47,243515	-9,992379	17,62322							-47,14835	-10,038697	17,978148			
-47,249199	-9,995675	17,627035							-47,143955	-10,037226	17,979986			
-47,240097	-9,994932	17,638414							-47,148422	-10,038838	17,978174			
-47,245525	-9,998825	17,645004							-47,144062	-10,03727	17,979755			
-47,23616	-9,997867	17,654716							-47,148174	-10,038726	17,978121			
-47,241646	-10,001436	17,659939							-47,143936	-10,037433	17,980156			
-47,232445	-10,000249	17,668308							-47,148331	-10,038921	17,978254			
-47,238159	-10,003589	17,672218							-47,143974	-10,037386	17,980072			
-47,229027	-10,002843	17,683668							-47,14817	-10,038907	17,978395			
-47,234501	-10,006768	17,690302							-47,143791	-10,037443	17,980337			
-47,225109	-10,005802	17,700087							-47,147938	-10,038899	17,978277			
-47,230656	-10,009403	17,705345							-47,14362	-10,037429	17,980221			
-47,221432	-10,008202	17,71376							-47,147778	-10,038844	17,978403			
-47,227203	-10,011566	17,71769							-47,143471	-10,037407	17,980267			
-47,218052	-10,010798	17,729143							-47,14785	-10,038902	17,978399			
-47,223587	-10,014739	17,73576							-47,143456	-10,037422	17,980371			
-47,214184	-10,013748	17,745564							-47,147625	-10,038814	17,978487			
-47,219795	-10,017366	17,750809							-47,143311	-10,037448	17,980536			
-47,21056	-10,016139	17,759226							-47,147808	-10,038815	17,978287			
-47,216393	-10,019517	17,763136							-47,143387	-10,037297	17,98024			
-47,20723	-10,018716	17,774561							-47,147598	-10,038732	17,978441			
-47,21283	-10,022667	17,781132							-47,143318	-10,037321	17,980352			
-47,203415	-10,021644	17,790928							-47,147869	-10,038741	17,978397			
-47,209099	-10,025275	17,796137							-47,143688	-10,037304	17,980204			
-47,199852	-10,024015	17,804537							-47,148056	-10,038649	17,978291			
-47,205753	-10,027406	17,808411							-47,143715	-10,037188	17,980085			
-47,196812	-10,025916	17,815569							-47,148247	-10,038677	17,9783			
-47,202793	-10,029753	17,822521							-47,1441	-10,037273	17,980062			
-47,193596	-10,028829	17,832434							-47,148407	-10,038599	17,978148			
-47,199318	-10,032498	17,837893							-47,144028	-10,037166	17,98012			
-47,190086	-10,031272	17,846575							-47,148556	-10,038694	17,978331			
-47,196022	-10,034738	17,85071							-47,144238	-10,037211	17,980129			
-47,187	-10,033279	17,858131							-47,14843	-10,03867	17,978445			
-47,193012	-10,037189	17,865269							-47,143951	-10,037212	17,980293			
-47,18375	-10,036285	17,875366							-47,148262	-10,038674	17,978449			
-47,189491	-10,04002	17,880989							-47,143948	-10,037292	17,980446			
-47,180206	-10,038811	17,889826							-47,148087	-10,0387	17,978579			
-47,186176	-10,042334	17,894075							-47,1436	-10,037238	17,980488			
-47,177101	-10,040882	17,901617							-47,147861	-10,038716	17,978655			
-47,183155	-10,044838	17,908812							-47,143658	-10,037282	17,980467			
-47,173855	-10,043929	17,91898							-47,147686	-10,03867	17,978607			
-47,179649	-10,047706	17,924656							-47,143524	-10,037285	17,980494			
-47,170338	-10,046489	17,93355							-47,14782	-10,038675	17,978432			
-47,176361	-10,050045	17,937828							-47,14344	-10,037242	17,980293			
-47,167255	-10,048579	17,945412							-47,147564	-10,038629	17,978422			
-47,17337	-10,05256	17,952593							-47,143131	-10,037253	17,980511			
-47,16404	-10,051628	17,96277							-47,147545	-10,038723	17,978479			
-47,169899	-10,055427	17,968443							-47,143318	-10,037275	17,980255			
-47,160568	-10,054185	17,977346							-47,14753	-10,038699	17,978558			
-47,166653	-10,057761	17,981606							-47,143257	-10,037264	17,980383			
-47,157524	-10,056266	17,989193							-47,147758	-10,038762	17,978458			
-47,163868	-10,059612	17,992237							-47,143562	-10,037299	17,980291			
-47,154976	-10,057904	17,998735							-47,147907	-10,038687	17,978395			
-47,161533	-10,061061	18,000807							-47,143646	-10,03725	17,980282			
-47,152866	-10,059189	18,006428							-47,148243	-10,038799	17,978462			
-47,151131	-10,0602	18,012638							-47,14407	-10,037225	17,979982			
-47,158047	-10,0631	18,013304							-47,148285	-10,038655	17,97817			
-47,149704	-10,061009	18,017666							-47,144119	-10,03721	17,979872			
-47,156754	-10,063832	18,017836							-47,148621	-10,038707	17,978001			
-47,148529	-10,061678	18,021751							-47,14436	-10,03717	17,979673			
-47,155682	-10,064447	18,021523							-47,14843	-10,038623	17,978035			
									-47,144089	-10,037213	17,979958			
									-47,148567	-10,038752	17,977976			
									-47,144169	-10,037233	17,979797			
									-47,148182	-10,038662	17,97818			
									-47,143753	-10,037276	17,980137			
									-47,148087	-10,038794	17,978344			
									-47,143959	-10,037393	17,980127			
									-47,147957	-10,038717	17,978197			
									-47,14349	-10,037247	17,980124			
									-47,147919	-10,038815	17,978411			
									-47,143719	-10,037305	17,980082			
									-47,147869	-10,038527	17,977757			
									-47,143337	-10,037105	17,979719			
									-47,147831	-10,038535	17,97753			
									-47,14352	-10,037135	17,979544			
									-47,147732	-10,038509	17,977654			
									-47,143505	-10,037139	17,979605			
