X	Y	Z	X	Y	Z	X	Y	Z	X	Y	Z	X	Y	Z
51,875908	-4,998791	-0,301208	51,835918	-5,017125	-0,270409	51,839081	-5,018932	-0,265287	51,857143	-5,014701	-0,294324	51,911201	-5,004833	-0,288458
51,88171	-5,030133	-0,257032	51,838047	-5,052679	-0,195371	51,842304	-5,051524	-0,205981	51,855473	-5,016671	-0,272713	51,90826	-5,008425	-0,26194
51,890957	-5,072116	-0,185332	51,848572	-5,08835	-0,155427	51,851849	-5,08939	-0,154934	51,856865	-5,014198	-0,294356	51,910271	-5,004657	-0,288214
51,90527	-5,11711	-0,100044	51,859451	-5,136352	-0,048863	51,862038	-5,139146	-0,030749	51,853981	-5,017056	-0,266633	51,906853	-5,008905	-0,257804
51,927055	-5,162632	-0,010131	51,882233	-5,176274	0,012574	51,882206	-5,193108	0,093303	51,854847	-5,014555	-0,291591	51,908611	-5,004788	-0,286149
51,958042	-5,207972	0,079508	51,908405	-5,22816	0,145489	51,907387	-5,256689	0,272518	51,852306	-5,017861	-0,267382	51,906403	-5,008525	-0,262094
51,998951	-5,252949	0,166699	51,948158	-5,275797	0,240351	51,947819	-5,323149	0,438203	51,853004	-5,015308	-0,28931	51,908798	-5,004914	-0,286667
52,049374	-5,30206	0,275053	51,992638	-5,332047	0,383101	51,951107	-5,385933	0,625336	51,851295	-5,016839	-0,277247	51,90694	-5,008117	-0,264307
52,065876	-5,341802	0,362256	52,02174	-5,374881	0,466104	51,919891	-5,438827	0,776163	51,853519	-5,01576	-0,29177	51,909119	-5,004471	-0,287329
52,059208	-5,376274	0,442623	52,011261	-5,417908	0,589901	51,863659	-5,502066	1,008916	51,852524	-5,017092	-0,276577	51,907314	-5,006875	-0,267837
52,049686	-5,412204	0,532727	51,99321	-5,457098	0,692406	51,80843	-5,566973	1,232167	51,854546	-5,014761	-0,29377	51,909641	-5,003234	-0,290456
52,034824	-5,450184	0,63211	51,960125	-5,506436	0,852612	51,815922	-5,661402	1,288283	51,853508	-5,015529	-0,279051	51,907722	-5,006218	-0,26744
52,013882	-5,490804	0,741549	51,915615	-5,558057	1,010985	51,818005	-5,725885	1,324767	51,856274	-5,013896	-0,29694	51,910168	-5,002528	-0,292398
51,97636	-5,536129	0,879767	51,848763	-5,6193	1,232023	51,819988	-5,787522	1,360426	51,855335	-5,015499	-0,279033	51,907585	-5,006481	-0,264973
51,927555	-5,586954	1,039145	51,826202	-5,688442	1,323334	51,823696	-5,840237	1,39554	51,857475	-5,012786	-0,299383	51,910145	-5,002544	-0,292697
51,869732	-5,642639	1,215004	51,825157	-5,754694	1,358933	51,824627	-5,893072	1,427697	51,855232	-5,014843	-0,277861	51,908295	-5,006859	-0,267748
51,830128	-5,70357	1,344306	51,825752	-5,806756	1,389867	51,829987	-5,941666	1,462312	51,857494	-5,012928	-0,299347	51,910576	-5,003029	-0,292894
51,82769	-5,764563	1,37663	51,826496	-5,856038	1,421062	51,828815	-5,987888	1,489511	51,854469	-5,01655	-0,270047	51,909519	-5,006605	-0,272699
51,826187	-5,81045	1,403162	51,827785	-5,899453	1,449534	51,826706	-6,038234	1,517761	51,855495	-5,013381	-0,294628	51,911747	-5,003129	-0,294678
51,825405	-5,851756	1,429157	51,826843	-5,939352	1,474093	51,819485	-6,077681	1,535694	51,853962	-5,015922	-0,277304	51,910149	-5,00633	-0,272701
51,823917	-5,888798	1,451756	51,825115	-5,984708	1,499874	51,818089	-6,127747	1,563475	51,855381	-5,014512	-0,293789	51,912411	-5,002749	-0,295663
51,823463	-5,922778	1,473704	51,820847	-6,019686	1,518618	51,810196	-6,160706	1,577492	51,854122	-5,016097	-0,277203	51,91074	-5,005466	-0,275457
51,822048	-5,953421	1,493037	51,812881	-6,055975	1,534053	51,807491	-6,20213	1,599325	51,855515	-5,01448	-0,293696	51,913403	-5,00208	-0,298623
51,822186	-5,981762	1,512498	51,811047	-6,084235	1,551643	51,801834	-6,227559	1,61129	51,853676	-5,01661	-0,272378	51,910912	-5,005249	-0,272665
51,819599	-6,006657	1,527585	51,807636	-6,120006	1,570766	51,796825	-6,26368	1,628349	51,854542	-5,01447	-0,29271	51,913212	-5,001516	-0,299319
51,822617	-6,030726	1,547147	51,808498	-6,145294	1,588571	51,793457	-6,285737	1,639519	51,85236	-5,016586	-0,272672	51,910061	-5,005288	-0,270204
51,808189	-6,050669	1,548022	51,801933	-6,172005	1,600042	51,790668	-6,316852	1,655213	51,853424	-5,014815	-0,292534	51,918797	-5,033403	-0,253443
51,803558	-6,093247	1,572491	51,803288	-6,191512	1,614838	51,790493	-6,336397	1,66775	51,850891	-5,01609	-0,276057	51,925594	-5,084162	-0,132596
51,812332	-6,115163	1,595178	51,797932	-6,213411	1,624507	51,786057	-6,365176	1,680649	51,852913	-5,014965	-0,293941	51,941521	-5,138134	-0,019947
51,799767	-6,127243	1,591942	51,800339	-6,230247	1,638173	51,78743	-6,382825	1,692434	51,850445	-5,016909	-0,27135	51,958836	-5,212389	0,207678
51,807556	-6,146157	1,611974	51,795918	-6,251157	1,647697	51,782299	-6,406791	1,700777	51,851833	-5,014408	-0,292482	51,952602	-5,296128	0,494501
51,794922	-6,157949	1,60789	51,798473	-6,26331	1,658206	51,784027	-6,419961	1,710339	51,848682	-5,016724	-0,267037	51,845482	-5,39205	0,902243
51,802986	-6,176471	1,627059	51,795845	-6,27818	1,665814	51,78014	-6,442775	1,719282	51,850395	-5,014651	-0,289543	51,783619	-5,508012	1,180934
51,792786	-6,186004	1,623392	51,798828	-6,288144	1,67491	51,782627	-6,454087	1,72747	51,848782	-5,017759	-0,267389	51,814999	-5,648888	1,24551
51,799263	-6,20057	1,638439	51,795822	-6,303965	1,68169	51,77916	-6,470827	1,73227	51,850216	-5,015021	-0,287955	51,814983	-5,757592	1,314157
51,791283	-6,20797	1,635039	51,798325	-6,308836	1,686923	51,781277	-6,476886	1,736816	51,848255	-5,01716	-0,26939	51,809422	-5,874463	1,367043
51,79631	-6,219039	1,646342	51,795242	-6,320525	1,690837	51,775753	-6,497753	1,7414	51,850224	-5,015821	-0,287386	51,82357	-5,994036	1,440839
51,787647	-6,226394	1,641705	51,796867	-6,320475	1,692663	51,776756	-6,499338	1,741866	51,848732	-5,017213	-0,27056	51,819073	-6,109806	1,495182
51,792931	-6,237341	1,652195	51,794434	-6,329096	1,69435	51,779102	-6,504759	1,745392	51,850285	-5,015191	-0,288601	51,834217	-6,211827	1,562391
51,786022	-6,242895	1,647686	51,795567	-6,327296	1,694172	51,781075	-6,501154	1,743626	51,84734	-5,016362	-0,268559	51,824333	-6,297518	1,597552
51,78978	-6,250323	1,654449	51,795155	-6,328556	1,693743	51,784584	-6,501564	1,745166	51,849472	-5,015272	-0,288468	51,855568	-6,378493	1,67003
51,784447	-6,254331	1,65003	51,796795	-6,324848	1,692912	51,786789	-6,497143	1,742932	51,846039	-5,017522	-0,262141	51,841183	-6,451981	1,693206
51,786873	-6,258691	1,653562	51,796741	-6,32506	1,691049	51,790638	-6,496045	1,742981	51,847538	-5,015391	-0,286106	51,881302	-6,539176	1,772617
51,782883	-6,261348	1,649277	51,799305	-6,320067	1,689473	51,792305	-6,491838	1,740099	51,845024	-5,017614	-0,265749	51,863373	-6,614168	1,792788
51,785824	-6,265945	1,652218	51,799824	-6,317931	1,686504	51,782772	-6,510946	1,736633	51,846874	-5,015907	-0,286136	51,909309	-6,713254	1,888543
51,781483	-6,268209	1,647269	51,80307	-6,311426	1,684662	51,782501	-6,509498	1,733126	51,845589	-5,017405	-0,27024	51,912392	-6,803077	1,947366
51,782967	-6,269567	1,646866	51,804291	-6,307393	1,680976	51,7789	-6,510978	1,726946	51,847759	-5,016163	-0,287162	51,964264	-6,892766	2,051083
51,781643	-6,269323	1,643342	51,807899	-6,300546	1,678362	51,779854	-6,507882	1,721504	51,846458	-5,017586	-0,269227	51,954727	-6,968261	2,084223
51,782059	-6,268692	1,641213	51,809177	-6,295862	1,673976	51,777515	-6,512464	1,717076	51,848503	-5,015924	-0,287559	52,001167	-7,090624	2,203408
51,780605	-6,268375	1,637252	51,81311	-6,287977	1,671292	51,778042	-6,510611	1,712354	51,846672	-5,016971	-0,268846	51,985611	-7,167832	2,232398
51,781498	-6,268193	1,635064	51,815086	-6,280999	1,666146	51,769642	-6,520842	1,704727	51,84911	-5,01554	-0,288568	52,031158	-7,280667	2,345563
51,785271	-6,263607	1,633963	51,81918	-6,27335	1,662568	51,768414	-6,520017	1,697885	51,846622	-5,016879	-0,268507	52,009285	-7,38626	2,441753
51,789349	-6,262389	1,634346	51,820179	-6,268019	1,657611	51,767155	-6,521135	1,692693	51,8489	-5,015465	-0,288915	52,060947	-7,513555	2,619567
51,792904	-6,253	1,630399	51,824627	-6,259891	1,654191	51,766682	-6,520222	1,68762	51,846992	-5,01736	-0,269274	52,047035	-7,628738	2,707095
51,795044	-6,250643	1,627557	51,825665	-6,253767	1,648836	51,762917	-6,527201	1,683569	51,84911	-5,015305	-0,289772	52,086239	-7,758472	2,866617
51,799618	-6,23935	1,62466	51,829891	-6,245325	1,645488	51,761543	-6,527364	1,678703	51,846745	-5,017549	-0,266211	52,057495	-7,925343	3,09891
51,80125	-6,23678	1,620845	51,830421	-6,242071	1,640593	51,758717	-6,536195	1,676967	51,848885	-5,015475	-0,288485	52,06839	-8,104011	3,337064
51,80632	-6,226902	1,618389	51,833885	-6,235468	1,636935	51,757568	-6,536108	1,672435	51,846413	-5,018016	-0,264646	52,06356	-8,294694	3,559629
51,807007	-6,224118	1,613603	51,834595	-6,23081	1,632056	51,753616	-6,54878	1,671609	51,848007	-5,015478	-0,286259	52,08366	-8,490468	3,797963
51,812576	-6,21574	1,613763	51,837662	-6,224473	1,628424	51,752293	-6,549022	1,667386	51,846275	-5,017106	-0,269506	52,095303	-8,655083	3,976338
51,812119	-6,211054	1,606035	51,8382	-6,220976	1,624206	51,746601	-6,569096	1,66824	51,848656	-5,01573	-0,287194	52,114155	-8,83043	4,243474
51,816936	-6,202931	1,606379	51,840034	-6,216503	1,620426	51,744701	-6,569977	1,664102	51,847534	-5,01755	-0,270575	51,982246	-9,026401	4,5873
51,815876	-6,197348	1,597818	51,840145	-6,214309	1,616586	51,736588	-6,595485	1,665191	51,849533	-5,015355	-0,28877	51,963276	-9,208941	4,824115
51,820328	-6,189729	1,598075	51,842102	-6,210145	1,61349	51,734474	-6,596718	1,661594	51,846897	-5,016855	-0,267816	51,971809	-9,368186	5,045481
51,818829	-6,183908	1,58927	51,842449	-6,207324	1,609895	51,728981	-6,616342	1,663713	51,849243	-5,015476	-0,2884	51,972305	-9,514283	5,236005
51,822479	-6,17722	1,589605	51,842884	-6,205092	1,60661	51,72868	-6,616012	1,661986	51,851753	-5,049291	-0,216925	51,991402	-9,656438	5,43596
51,820713	-6,171397	1,580869	51,84235	-6,205363	1,603953	51,71682	-6,643712	1,661655	51,861797	-5,087025	-0,173003	51,952557	-9,872142	5,838198
51,823635	-6,165742	1,581252	51,843098	-6,203076	1,601343	51,71524	-6,64484	1,659745	51,873226	-5,132493	-0,074813	51,715012	-10,136357	6,31019
51,821674	-6,159853	1,573158	51,842751	-6,202903	1,599126	51,709091	-6,661705	1,66183	51,895138	-5,17867	0,01382	51,479137	-10,432803	6,730649
51,824268	-6,15521	1,573264	51,843487	-6,200994	1,597188	51,709938	-6,663395	1,663326	51,921333	-5,232041	0,153133	51,473301	-10,77461	7,284778
51,822449	-6,149952	1,566179	51,842228	-6,205085	1,596437	51,696384	-6,684855	1,660395	51,95974	-5,288069	0,280604	51,265285	-11,224994	8,633777
51,824299	-6,146443	1,566297	51,841221	-6,205075	1,594087	51,694798	-6,686448	1,65932	52,004169	-5,351478	0,465737	51,267353	-11,995811	11,306501
51,822815	-6,142116	1,560651	51,83987	-6,209493	1,593947	51,692154	-6,693378	1,660448	51,995232	-5,395632	0,561406	51,289314	-12,91997	14,595922
51,823959	-6,139845	1,560652	51,839466	-6,209109	1,592438	51,690952	-6,695005	1,6612	51,967281	-5,444788	0,720957	51,437626	-14,11658	17,960337
51,822891	-6,138719	1,557706	51,83812	-6,213823	1,592919	51,687283	-6,705159	1,663112	51,930378	-5,49485	0,869764	51,784966	-15,529484	21,076551
51,824875	-6,144501	1,562391	51,835918	-6,215528	1,59104	51,689075	-6,709417	1,667334	51,875835	-5,558022	1,094629	52,087704	-16,50108	23,560362
51,824581	-6,142972	1,560479	51,83363	-6,223097	1,592299	51,684753	-6,728808	1,673503	51,827641	-5,622571	1,271869	52,352127	-17,113121	25,511494
51,82634	-6,14817	1,565075	51,831367	-6,225009	1,590856	51,687614	-6,735238	1,679879	51,822681	-5,703903	1,3225	52,357868	-17,560371	26,865534
51,826679	-6,146587	1,563939	51,829227	-6,232014	1,592365	51,681828	-6,754655	1,684868	51,822327	-5,763353	1,355443	52,127052	-17,637405	27,881563
51,828362	-6,151741	1,568665	51,826279	-6,234542	1,590842	51,685524	-6,762699	1,693095	51,822304	-5,819804	1,388392	51,827461	-17,573622	28,470779
51,82909	-6,150254	1,56814	51,823338	-6,243401	1,592676	51,679165	-6,786937	1,70019	51,825329	-5,868693	1,420922	51,538258	-17,393293	28,748728
51,83165	-6,157912	1,574982	51,820347	-6,246069	1,591487	51,688282	-6,803987	1,721815	51,825588	-5,915446	1,449821	51,338444	-17,190889	28,85701
51,832691	-6,158938	1,576055	51,817635	-6,254454	1,593543	51,675934	-6,841374	1,731929	51,816978	-5,962872	1,470482	51,213398	-16,980114	28,879864
51,830933	-6,160745	1,575971	51,815044	-6,256976	1,592967	51,685062	-6,85668	1,751289	51,814095	-6,004941	1,493803	51,15337	-16,79215	28,809471
51,832424	-6,166409	1,579861	51,811676	-6,267329	1,595473	51,673336	-6,894009	1,762145	51,812992	-6,054494	1,521838	51,155018	-16,646166	28,727528
51,830555	-6,167854	1,579651	51,808514	-6,270091	1,594561	51,682316	-6,907689	1,780597	51,811554	-6,089619	1,543413	51,184811	-16,517843	28,613844
51,82972	-6,17916	1,585206	51,805668	-6,281855	1,598377	51,66745	-6,943932	1,787511	51,809959	-6,129806	1,566658	51,235779	-16,385698	28,49222
51,832432	-6,192266	1,594203	51,803436	-6,283833	1,598146	51,676155	-6,956621	1,8049	51,809917	-6,155594	1,584344	51,263035	-16,237082	28,347651
51,829395	-6,194511	1,59349	51,800709	-6,294268	1,601613	51,667839	-6,974165	1,806583	51,803162	-6,189344	1,599447	51,283356	-16,049213	28,204765
51,832134	-6,207751	1,60285	51,797291	-6,298615	1,601481	51,684368	-6,986531	1,830744	51,803108	-6,21155	1,614519	51,281681	-15,860785	28,071609
51,828506	-6,210421	1,601861	51,794201	-6,312405	1,606115	51,68977	-6,991392	1,839263	51,796768	-6,240134	1,626861	51,273449	-15,647142	27,959126
51,831261	-6,223723	1,61151	51,791733	-6,31613	1,606636	51,700317	-7,001132	1,855875	51,797924	-6,259912	1,641155	51,251419	-15,435292	27,834614
51,827011	-6,226853	1,610106	51,788982	-6,328913	1,611197	51,720879	-7,006595	1,880253	51,797421	-6,284029	1,65565	51,241989	-15,215555	27,671555
51,830505	-6,243378	1,62203	51,785889	-6,333426	1,611362	51,724659	-7,014917	1,889192	51,800766	-6,298076	1,668823	51,246677	-15,001951	27,394901
51,826134	-6,246623	1,620523	51,782829	-6,347431	1,616077	51,746964	-7,021839	1,915939	51,801331	-6,314899	1,680071	51,306278	-14,797486	26,927563
51,82946	-6,26221	1,631954	51,780815	-6,350755	1,616667	51,74707	-7,030916	1,921459	51,804863	-6,326814	1,691487	51,373451	-14,616796	26,374702
51,824848	-6,265644	1,630224	51,777866	-6,361963	1,620146	51,764439	-7,040057	1,944352	51,804211	-6,342316	1,699983	51,461506	-14,491952	25,84985
51,82806	-6,280678	1,64141	51,776909	-6,363895	1,621006	51,765472	-7,049733	1,951144	51,806942	-6,349203	1,707429	51,522671	-14,399048	25,390419
51,822777	-6,28457	1,639116	51,773556	-6,374908	1,623765	51,778748	-7,059699	1,970296	51,805973	-6,359596	1,71237	51,577942	-14,31215	24,997538
51,82658	-6,30201	1,651948	51,772717	-6,378999	1,625561	51,7794	-7,07069	1,977565	51,808102	-6,364434	1,717388	51,597969	-14,221143	24,673859
51,82135	-6,305869	1,649541	51,769726	-6,388402	1,627811	51,796913	-7,080138	2,000819	51,809002	-6,372764	1,722305	51,618126	-14,117226	24,375475
51,824871	-6,32208	1,661595	51,769428	-6,390951	1,629294	51,795547	-7,088785	2,004669	51,810524	-6,373056	1,724315	51,614941	-14,006052	24,108992
51,819595	-6,325968	1,658983	51,766991	-6,397952	1,63074	51,817142	-7,097631	2,031846	51,81144	-6,376239	1,725495	51,619049	-13,889796	23,853197
51,822842	-6,340932	1,670181	51,765499	-6,399371	1,630321	51,812298	-7,106631	2,031776	51,81226	-6,374398	1,724747	51,610554	-13,790605	23,624813
51,817005	-6,345166	1,666992	51,762672	-6,407083	1,631501	51,832504	-7,116746	2,057673	51,811485	-6,376136	1,722996	51,610199	-13,698919	23,418322
51,820786	-6,361961	1,679218	51,761917	-6,407731	1,631276	51,825123	-7,123983	2,054305	51,812931	-6,372364	1,721881	51,600094	-13,632739	23,23848
51,815304	-6,365914	1,676086	51,759457	-6,416049	1,632954	51,846237	-7,128571	2,079248	51,807362	-6,385754	1,720461	51,60004	-13,574651	23,080137
51,818676	-6,3809	1,686996	51,758209	-6,417009	1,632152	51,837448	-7,13873	2,075382	51,808086	-6,38346	1,71839	51,590328	-13,538272	22,940168
51,813465	-6,384627	1,683868	51,755325	-6,426348	1,633681	51,854156	-7,148791	2,097216	51,805412	-6,390308	1,716477	51,590954	-13,506163	22,817434
51,816463	-6,397993	1,693595	51,755398	-6,425859	1,633279	51,845516	-7,15727	2,092722	51,806286	-6,387471	1,713958	51,580441	-13,485911	22,709074
51,811523	-6,401495	1,690474	51,753071	-6,43517	1,635201	51,866875	-7,16146	2,117379	51,805828	-6,38895	1,711003	51,581303	-13,474906	22,619465
51,815037	-6,416485	1,70101	51,753021	-6,434946	1,634721	51,858555	-7,171027	2,11365	51,80743	-6,384555	1,708074	51,569286	-13,466096	22,536152
51,809612	-6,420206	1,697455	51,750416	-6,44379	1,636041	51,876411	-7,178533	2,1366	51,807556	-6,384592	1,70444	51,576206	-13,471358	22,462313
51,812679	-6,433471	1,706802	51,752117	-6,444134	1,637292	51,868538	-7,187219	2,13272	51,809834	-6,379195	1,701324	51,568771	-13,473887	22,39572
51,807739	-6,436818	1,703429	51,749939	-6,452077	1,638481	51,888161	-7,192546	2,155797	51,809208	-6,380284	1,69744	51,580742	-13,487488	22,335676
51,810383	-6,448248	1,711434	51,751137	-6,451346	1,638655	51,880531	-7,201487	2,152135	51,811638	-6,374593	1,694167	51,577118	-13,496238	22,282145
51,805889	-6,451253	1,708237	51,749283	-6,457055	1,639027	51,89909	-7,20798	2,174761	51,81208	-6,373062	1,689891	51,592033	-13,512326	22,231667
51,80909	-6,464428	1,717114	51,750317	-6,456542	1,638981	51,887524	-7,22184	2,170723	51,814865	-6,366836	1,686561	51,590271	-13,521888	22,18679
51,804115	-6,467644	1,713551	51,74818	-6,462478	1,63897	51,907951	-7,261975	2,226542	51,814289	-6,367846	1,682498	51,604321	-13,538316	22,148245
51,806873	-6,479168	1,721332	51,748768	-6,461227	1,638082	51,901756	-7,301676	2,253576	51,817097	-6,361773	1,679319	51,602512	-13,545878	22,112028
51,802521	-6,481931	1,718112	51,747097	-6,46538	1,637621	51,949139	-7,351038	2,348499	51,815559	-6,365939	1,675844	51,616951	-13,559292	22,076544
51,804924	-6,491996	1,724873	51,747189	-6,464512	1,636306	51,934326	-7,389166	2,365936	51,818314	-6,360319	1,672832	51,614117	-13,563471	22,046556
51,801193	-6,494338	1,721989	51,744526	-6,469732	1,634741	51,964657	-7,425303	2,43317	51,817108	-6,363595	1,669503	51,628567	-13,573501	22,017891
51,804176	-6,505937	1,729362	51,743336	-6,469422	1,632031	51,951088	-7,457242	2,44596	51,819912	-6,357936	1,666898	51,626099	-13,573696	21,991352
51,800137	-6,508399	1,726281	51,740921	-6,474187	1,630644	51,969055	-7,490352	2,496525	51,818531	-6,362421	1,664237	51,640469	-13,579181	21,965498
51,802696	-6,518569	1,732843	51,740284	-6,473694	1,628631	51,954506	-7,519089	2,505048	51,820736	-6,357755	1,661758	51,638863	-13,574758	21,939734
51,799328	-6,520554	1,730229	51,737228	-6,482103	1,628417	51,985008	-7,54988	2,566513	51,819145	-6,363065	1,659656	51,653164	-13,575933	21,917507
51,801575	-6,529425	1,735928	51,734951	-6,482992	1,624874	51,967094	-7,580764	2,572658	51,821384	-6,358903	1,657566	51,65073	-13,566381	21,894459
51,79882	-6,530996	1,733736	51,731518	-6,492772	1,624559	51,995186	-7,609952	2,632099	51,819942	-6,364307	1,656112	51,663971	-13,563468	21,874916
51,801605	-6,54172	1,740566	51,730316	-6,492521	1,621908	51,980366	-7,640326	2,641494	51,821911	-6,360616	1,654649	51,66198	-13,549515	21,852198
51,799149	-6,542975	1,738771	51,727463	-6,502303	1,622571	51,997696	-7,672926	2,68977	51,818932	-6,37005	1,653951	51,676197	-13,542343	21,831686
51,801704	-6,552639	1,744868	51,725925	-6,502889	1,620268	51,988285	-7,741873	2,772845	51,820728	-6,367565	1,652342	51,673698	-13,525104	21,812613
51,800159	-6,553284	1,743716	51,722588	-6,513007	1,620853	52,017265	-7,810923	2,898785	51,819656	-6,371959	1,651816	51,686974	-13,515294	21,796181
51,802475	-6,561837	1,749062	51,721397	-6,51329	1,618965	52,003704	-7,879675	2,969129	51,821167	-6,369127	1,651118	51,684658	-13,495449	21,777239
51,801384	-6,56221	1,748206	51,718452	-6,521722	1,619347	52,027813	-7,939881	3,075271	51,81876	-6,377079	1,651337	51,698643	-13,483328	21,760101
51,804081	-6,572086	1,754484	51,717274	-6,522386	1,61796	52,017555	-7,998392	3,134745	51,819782	-6,375598	1,650351	51,695885	-13,461763	21,743353
51,803101	-6,572371	1,75375	51,714008	-6,532142	1,618923	52,037418	-8,050896	3,223673	51,817921	-6,382295	1,65096	51,709064	-13,449054	21,729584
51,805588	-6,581225	1,759348	51,713749	-6,533463	1,618872	52,022934	-8,097335	3,260646	51,818493	-6,381334	1,650288	51,705944	-13,427355	21,715326
51,804913	-6,581329	1,758824	51,710983	-6,541	1,619482	52,039639	-8,141532	3,331262	51,816608	-6,38763	1,651294	51,719627	-13,414269	21,700943
51,807049	-6,588644	1,763403	51,710979	-6,540538	1,619111	52,024979	-8,181779	3,357353	51,816051	-6,387689	1,650423	51,715668	-13,393056	21,689034
51,806408	-6,588738	1,762946	51,709122	-6,544008	1,618681	52,052387	-8,213778	3,425295	51,813652	-6,39631	1,652275	51,728493	-13,381116	21,67766
51,8092	-6,598426	1,769241	51,707687	-6,545195	1,617644	52,029133	-8,24934	3,433259	51,813366	-6,396206	1,6519	51,723846	-13,361465	21,668228
51,807976	-6,598939	1,768439	51,704681	-6,552492	1,617893	52,060352	-8,27838	3,500953	51,810112	-6,407084	1,654214	51,736267	-13,351079	21,657909
51,810818	-6,608836	1,774934	51,704201	-6,552776	1,617593	52,03162	-8,309902	3,495826	51,808102	-6,408935	1,653298	51,730927	-13,333374	21,650824
51,808884	-6,609905	1,773667	51,702183	-6,557044	1,617617	52,094929	-8,349499	3,60519	51,805344	-6,420743	1,656754	51,742752	-13,32562	21,643509
51,811821	-6,619843	1,780073	51,703167	-6,555742	1,618116	52,07917	-8,391209	3,618131	51,803738	-6,422297	1,6563	51,736633	-13,310072	21,637344
51,812878	-6,618873	1,780786	51,700455	-6,561687	1,618161	52,106308	-8,42892	3,678078	51,800251	-6,436668	1,660422	51,747135	-13,30477	21,632452
51,81448	-6,621128	1,780869	51,69957	-6,562546	1,61778	52,105099	-8,465795	3,702601	51,798073	-6,438827	1,65982	51,740536	-13,291938	21,628527
51,820126	-6,616547	1,784544	51,696522	-6,570807	1,618699	52,125839	-8,504648	3,755088	51,795303	-6,452545	1,664486	51,750862	-13,289419	21,625067
51,816582	-6,613753	1,778913	51,696098	-6,571261	1,618656	52,122505	-8,538472	3,772781	51,793644	-6,454381	1,664401	51,743904	-13,279554	21,623203
51,816368	-6,614566	1,778365	51,69228	-6,582999	1,620338	52,140823	-8,579823	3,823593	51,789589	-6,470572	1,66906	51,753841	-13,279826	21,621185
51,821735	-6,613775	1,78361	51,693577	-6,585806	1,622939	52,138611	-8,61455	3,842303	51,787079	-6,473209	1,668538	51,746063	-13,272212	21,620516
51,818573	-6,624361	1,784477	51,690117	-6,597056	1,625019	52,154049	-8,66155	3,883374	51,783985	-6,487149	1,673126	51,755527	-13,275075	21,619934
51,826401	-6,623651	1,791003	51,691929	-6,599407	1,627993	52,173489	-8,685813	3,922957	51,782394	-6,489003	1,673202	51,747463	-13,270014	21,620779
51,82172	-6,641336	1,79516	51,6889	-6,609063	1,629764	52,204754	-8,723689	3,99096	51,77869	-6,503931	1,677643	51,756958	-13,275202	21,621159
51,827984	-6,640631	1,801302	51,689774	-6,612814	1,632358	52,196026	-8,801796	4,098745	51,776375	-6,506629	1,677343	51,748951	-13,272168	21,622831
51,823483	-6,658994	1,806165	51,686481	-6,622581	1,634003	52,246132	-8,88819	4,29053	51,773357	-6,520298	1,681823	51,758209	-13,278862	21,622894
51,827244	-6,658746	1,810169	51,68742	-6,62539	1,636249	52,192844	-9,022732	4,610895	51,77261	-6,520961	1,682027	51,749344	-13,277335	21,626171
51,821884	-6,677051	1,813195	51,684757	-6,633077	1,637405	52,155277	-9,108878	4,732508	51,767914	-6,537454	1,685565	51,758381	-13,285601	21,627111
51,82375	-6,677388	1,815893	51,683968	-6,634756	1,637528	52,090591	-9,160537	4,747127	51,763874	-6,541361	1,683497	51,749702	-13,285315	21,630432
51,816471	-6,700247	1,819666	51,681168	-6,641023	1,637548	52,120621	-9,206027	4,800239	51,760574	-6,555823	1,687428	51,758671	-13,294623	21,631994
51,819092	-6,700786	1,823344	51,684017	-6,643284	1,641267	52,078842	-9,23856	4,789638	51,758228	-6,557817	1,686261	51,749752	-13,294741	21,634304
51,812199	-6,722498	1,8274	51,682449	-6,645969	1,640793	52,111355	-9,268042	4,833295	51,753605	-6,574291	1,688987	51,757957	-13,304118	21,635714
51,816029	-6,723056	1,83291	51,681507	-6,647011	1,640312	52,082306	-9,332771	4,899684	51,749538	-6,577538	1,686021	51,748535	-13,304532	21,639273
51,807587	-6,748227	1,83847	51,679996	-6,649792	1,639865	52,12167	-9,404871	5,032742	51,745934	-6,59189	1,689011	51,756542	-13,314355	21,6415
51,810947	-6,748833	1,843759	51,678677	-6,651423	1,639246	52,099724	-9,478296	5,109351	51,743408	-6,593824	1,687196	51,746956	-13,314768	21,644238
51,80183	-6,775256	1,849903	51,675182	-6,661311	1,640302	52,124989	-9,555511	5,236599	51,739494	-6,60846	1,690123	51,755489	-13,323867	21,644079
51,806793	-6,776027	1,856924	51,67857	-6,665945	1,647358	52,108257	-9,628371	5,317447	51,737782	-6,609324	1,688665	51,745602	-13,32362	21,647369
51,798435	-6,800161	1,862755	51,679966	-6,675483	1,652915	52,130383	-9,712941	5,444166	51,734421	-6,622008	1,691407	51,753254	-13,332573	21,648664
51,803131	-6,800939	1,869574	51,682209	-6,68054	1,657198	52,105881	-9,852864	5,704545	51,732616	-6,623639	1,690373	51,743153	-13,33182	21,651398
51,795483	-6,823374	1,875022	51,684196	-6,692729	1,664639	52,076313	-10,021368	5,980819	51,728802	-6,638245	1,69356	51,751892	-13,339746	21,650398
51,800316	-6,824199	1,882047	51,6852	-6,695483	1,666784	51,918934	-10,187511	6,208246	51,728458	-6,63789	1,692976	51,7425	-13,33812	21,652203
51,792248	-6,847094	1,887685	51,689472	-6,703435	1,674654	51,857933	-10,413734	6,506993	51,724342	-6,652361	1,69632	51,750095	-13,34568	21,653612
51,798149	-6,847982	1,895716	51,691154	-6,705254	1,677677	51,814064	-10,6977	6,96232	51,726852	-6,656666	1,701188	51,740475	-13,343342	21,655279
51,791397	-6,868237	1,900497	51,687962	-6,712242	1,677486	51,838005	-11,135091	7,750871	51,722401	-6,673744	1,705645	51,749336	-13,349216	21,652489
51,797882	-6,869093	1,909532	51,692554	-6,716722	1,684003	52,060555	-11,72248	9,729365	51,724239	-6,676185	1,708622	51,739529	-13,345602	21,654028
51,791615	-6,887805	1,913977	51,689705	-6,722574	1,683558	52,428299	-12,545235	11,822427	51,720299	-6,691439	1,712731	51,747391	-13,351706	21,65513
51,798054	-6,88862	1,922837	51,692501	-6,725379	1,688099	52,870792	-13,470446	14,171373	51,721851	-6,691884	1,714465	51,738251	-13,34765	21,655285
51,79261	-6,905455	1,926732	51,692467	-6,727705	1,68836	53,399399	-14,362003	16,361713	51,717518	-6,706345	1,717577	51,747398	-13,352073	21,652636
51,800438	-6,906292	1,937078	51,691643	-6,728608	1,687474	53,795547	-14,969327	18,210161	51,721531	-6,709396	1,723006	51,738495	-13,347062	21,653383
51,802242	-6,923791	1,950406	51,695457	-6,731082	1,691643	53,938148	-15,294611	19,643017	51,718086	-6,723516	1,726869	51,746899	-13,35136	21,652594
51,797359	-6,938696	1,953758	51,694824	-6,731653	1,691115	53,701546	-15,506124	20,568993	51,721462	-6,724142	1,730483	51,738007	-13,345928	21,653065
51,804649	-6,939354	1,962966	51,698002	-6,735208	1,695462	53,370689	-15,671526	21,469433	51,71743	-6,737461	1,733288	51,748081	-13,349447	21,650288
51,799778	-6,952342	1,965912	51,697998	-6,734873	1,695341	53,007256	-15,715234	22,191019	51,718605	-6,737549	1,734187	51,739681	-13,34328	21,649984
51,819298	-6,954896	1,987068	51,704247	-6,736751	1,701461	52,67498	-15,620644	22,615919	51,715126	-6,749835	1,736877	51,747948	-13,34662	21,649099
51,812096	-6,972386	1,989162	51,701664	-6,739963	1,700245	52,389328	-15,511094	22,949942	51,71629	-6,747986	1,736827	51,738487	-13,340172	21,64979
51,827862	-6,97484	2,007	51,701729	-6,743758	1,701449	52,178204	-15,377592	23,240789	51,712261	-6,760871	1,73923	51,747929	-13,343	21,647055
51,817764	-6,998862	2,01002	51,699638	-6,746339	1,700508	52,000946	-15,251007	23,511358	51,71526	-6,761743	1,74217	51,739285	-13,336248	21,646618
51,831135	-7,001046	2,025362	51,70108	-6,749323	1,702608	51,8755	-15,109348	23,770323	51,710777	-6,777242	1,746275	51,747887	-13,339576	21,646227
51,821991	-7,02356	2,028524	51,701103	-6,754518	1,705068	51,737	-15,000581	24,05233	51,716377	-6,782162	1,756257	51,738884	-13,332911	21,646023
51,835648	-7,025847	2,044235	51,704166	-6,769767	1,717034	51,633232	-14,905351	24,372019	51,710636	-6,801501	1,76126	51,748302	-13,335777	21,643795
51,825939	-7,050155	2,047769	51,708569	-6,78099	1,728608	51,487213	-14,844547	24,728464	51,717625	-6,808395	1,773297	51,739918	-13,328985	21,643208
51,838604	-7,05237	2,062577	51,710514	-6,795405	1,73859	51,358315	-14,779238	25,115814	51,712902	-6,829881	1,780506	51,748657	-13,332419	21,642874
51,829548	-7,075841	2,066229	51,721184	-6,80902	1,75659	51,180977	-14,695889	25,53665	51,717754	-6,833492	1,788406			
51,841473	-7,078012	2,08044	51,732384	-6,825574	1,776497	51,004513	-14,596855	26,019251	51,712936	-6,850822	1,793026			
51,832874	-7,09984	2,084261	51,741829	-6,835627	1,791389	50,802509	-14,51007	26,550697	51,719631	-6,855793	1,803184			
51,845547	-7,102153	2,099331	51,751846	-6,844664	1,806224	50,612232	-14,419299	27,106884	51,714657	-6,876208	1,809409			
51,836483	-7,125225	2,103428	51,760826	-6,856548	1,822085	50,42107	-14,338842	27,684557	51,720032	-6,878375	1,816758			
51,83968	-7,149621	2,121552	51,76693	-6,873055	1,837545	50,26173	-14,244757	28,219801	51,714581	-6,89717	1,821609			
51,850845	-7,151806	2,135178	51,774258	-6,88509	1,851972	50,150051	-14,156563	28,632385	51,721207	-6,900525	1,83033			
51,842815	-7,172404	2,139249	51,780872	-6,897855	1,865906	50,155968	-14,045634	28,63236	51,71669	-6,919046	1,836078			
51,854923	-7,174754	2,153843	51,786648	-6,907684	1,877686	50,290684	-13,920924	28,100904	51,721302	-6,919943	1,842188			
51,846382	-7,19646	2,15786	51,794449	-6,91868	1,891894	50,418114	-13,771809	27,540319	51,716415	-6,935591	1,845846			
51,857437	-7,198706	2,171385	51,794563	-6,927141	1,897203	50,589046	-13,777904	26,963463	51,722637	-6,935712	1,852494			
51,848972	-7,220238	2,175448	51,799133	-6,941358	1,910035	50,734325	-13,76343	26,411182	51,717617	-6,953292	1,857084			
51,859364	-7,222408	2,188269	51,801426	-6,950015	1,917861	50,882927	-13,85645	25,921562	51,723221	-6,954318	1,863985			
51,851582	-7,2428	2,192114	51,806023	-6,96499	1,931704	51,0107	-13,907904	25,480707	51,718678	-6,968499	1,867115			
51,863007	-7,24514	2,206015	51,812004	-6,975035	1,944458	51,084427	-13,924088	25,122101	51,72398	-6,967863	1,871385			
51,85482	-7,265894	2,209995	51,821552	-6,989527	1,962976	51,152195	-13,914602	24,80093	51,719116	-6,983199	1,875078			
51,871555	-7,268478	2,232036	51,821468	-6,998643	1,968943	51,164478	-13,825465	24,530144	51,725304	-6,983822	1,882231			
51,855118	-7,302796	2,240503	51,828102	-7,014925	1,985671	51,18243	-13,726278	24,263464	51,720615	-6,998022	1,885081			
51,870232	-7,307025	2,262511	51,830563	-7,022162	1,993281	51,193848	-13,657678	24,014631	51,734711	-7,001719	1,899945			
51,854507	-7,336534	2,267933	51,834797	-7,035609	2,005863	51,219585	-13,602055	23,770416	51,729866	-7,01744	1,902867			
51,87199	-7,341438	2,293087	51,835579	-7,043865	2,012223	51,223446	-13,558974	23,573824	51,743198	-7,018723	1,91635			
51,856327	-7,371532	2,298625	51,837292	-7,056992	2,022004	51,244801	-13,533353	23,388735	51,738934	-7,029721	1,917871			
51,872269	-7,376243	2,321769	51,83889	-7,064208	2,028679	51,245872	-13,512811	23,23189	51,751846	-7,029937	1,930726			
51,857697	-7,405155	2,327202	51,84655	-7,074	2,04282	51,260952	-13,502064	23,095198	51,747059	-7,043556	1,933437			
51,872849	-7,409715	2,349721	51,84848	-7,080585	2,04952	51,260128	-13,497533	22,970947	51,759464	-7,045426	1,946791			
51,859673	-7,436738	2,354916	51,856983	-7,089516	2,063588	51,27845	-13,502988	22,861624	51,754662	-7,058105	1,949116			
51,860821	-7,468746	2,381994	51,853939	-7,093153	2,063239	51,277828	-13,507339	22,763113	51,766567	-7,058617	1,961359			
51,875687	-7,473292	2,404226	51,864716	-7,100997	2,078882	51,298149	-13,523063	22,677914	51,761566	-7,073992	1,965148			
51,864063	-7,498097	2,409066	51,862274	-7,103947	2,078764	51,3009	-13,533535	22,593075	51,772564	-7,076602	1,9777			
51,880093	-7,502495	2,434063	51,868519	-7,110802	2,089105	51,324806	-13,550765	22,520002	51,767307	-7,09249	1,981678			
51,867619	-7,527907	2,439468	51,866058	-7,113646	2,088706				51,778488	-7,093572	1,993713			
51,882298	-7,532218	2,461552	51,870533	-7,119781	2,096881				51,773151	-7,111049	1,998612			
51,86869	-7,559451	2,467409	51,868832	-7,121803	2,096787				51,783443	-7,112875	2,010172			
51,884228	-7,56389	2,490468	51,874687	-7,1268	2,105454				51,778522	-7,127601	2,014049			
51,871944	-7,588585	2,495908	51,872177	-7,133953	2,107487				51,790112	-7,130044	2,027429			
51,886581	-7,592805	2,517399	51,876297	-7,143647	2,117004				51,784386	-7,148908	2,032866			
51,875301	-7,615457	2,522529	51,874008	-7,146408	2,11651				51,794701	-7,150942	2,044681			
51,889091	-7,619418	2,542696	51,874325	-7,153979	2,121088				51,789639	-7,16546	2,04843			
51,87463	-7,646408	2,549317	51,873688	-7,156282	2,122078				51,800148	-7,166415	2,059864			
51,889729	-7,650347	2,572131	51,878807	-7,162034	2,130197				51,794685	-7,183016	2,064365			
51,876652	-7,67492	2,578201	51,877731	-7,167215	2,132303				51,803719	-7,184419	2,074454			
51,891659	-7,679056	2,600472	51,882141	-7,173148	2,139717				51,798534	-7,198529	2,07775			
51,878178	-7,704181	2,606562	51,880295	-7,177121	2,140399				51,808311	-7,198687	2,08913			
51,901146	-7,710489	2,638835	51,887299	-7,181659	2,149592				51,803925	-7,213436	2,093238			
51,888103	-7,73476	2,644871	51,885006	-7,186147	2,149952				51,813396	-7,215964	2,103939			
51,911079	-7,741166	2,676999	51,894997	-7,196662	2,165634				51,808319	-7,230384	2,107251			
51,896137	-7,767632	2,68412	51,892643	-7,199747	2,165142				51,818287	-7,231114	2,118608			
51,922482	-7,797154	2,755674	51,902077	-7,207035	2,179833				51,813786	-7,2458	2,122489			
51,897919	-7,823678	2,754764	51,900074	-7,210061	2,178856				51,822842	-7,246751	2,131991			
51,931786	-7,866964	2,848674	51,907467	-7,217841	2,189857				51,817841	-7,259701	2,134745			
51,907848	-7,892583	2,847017	51,912437	-7,249063	2,223182				51,833153	-7,281274	2,171613			
51,942867	-7,938843	2,944805	51,905762	-7,306826	2,264811				51,82201	-7,339457	2,208945			
51,919479	-7,964371	2,94319	51,91283	-7,341521	2,303934				51,838295	-7,368861	2,254186			
51,951984	-8,007915	3,033427	51,935032	-7,43433	2,411108				51,834442	-7,436574	2,309476			
51,927505	-8,035069	3,031667	51,939785	-7,473424	2,452817				51,848785	-7,463886	2,351478			
51,963215	-8,083377	3,129366	51,984501	-7,535432	2,559712				51,865982	-7,532778	2,431265			
51,937084	-8,112592	3,127465	51,982349	-7,557948	2,5777				51,878433	-7,555418	2,466566			
51,973862	-8,16266	3,22696	51,990486	-7,629125	2,65218				51,875061	-7,612381	2,512152			
51,948315	-8,191891	3,225095	51,991894	-7,652555	2,675325				51,888554	-7,632987	2,548093			
51,983009	-8,239655	3,318022	51,976357	-7,696171	2,697228				51,883293	-7,688133	2,592078			
51,958439	-8,268574	3,316134	51,981506	-7,745956	2,776438				51,896149	-7,705967	2,62437			
51,991062	-8,313933	3,402519	51,956043	-7,850253	2,881179				51,882126	-7,747343	2,645519			
51,965466	-8,344082	3,400395	51,958572	-7,908998	2,960588				51,898491	-7,79104	2,728672			
52,018021	-8,415729	3,534644	51,932728	-8,001592	3,047125				51,910229	-7,894638	2,879487			
51,993221	-8,444827	3,525782	51,936344	-8,045326	3,10648				51,919403	-7,942609	2,952515			
52,034695	-8,502714	3,629738	51,911278	-8,09858	3,140558				51,974194	-7,990245	3,085018			
52,002934	-8,539568	3,618301	51,917686	-8,129739	3,184278				51,959629	-8,017847	3,099381			
52,042915	-8,595123	3,715549	51,906696	-8,150347	3,192014				51,960236	-8,102744	3,206074			
52,015797	-8,628363	3,705307	51,910484	-8,164706	3,210799				51,964851	-8,127191	3,239866			
52,056419	-8,683893	3,800871	51,916264	-8,177607	3,229667				51,963787	-8,201587	3,329533			
52,031013	-8,71634	3,790265	51,916817	-8,196082	3,249283				51,96722	-8,217744	3,350448			
52,070305	-8,769415	3,879745	51,921402	-8,212657	3,270745				51,950974	-8,263044	3,381246			
52,046825	-8,800457	3,869707	51,923038	-8,229858	3,289922				51,954552	-8,270351	3,389403			
52,084072	-8,850021	3,952565	51,920807	-8,250621	3,307514				51,941555	-8,291132	3,393168			
52,024406	-8,899579	3,947069	51,924545	-8,267982	3,329126				51,945618	-8,29691	3,400088			
52,094887	-8,981301	4,156404	51,924282	-8,294753	3,354933				51,936821	-8,311	3,401064			
52,014851	-9,096234	4,343379	51,92374	-8,308123	3,364602				51,937824	-8,315467	3,403028			
52,039375	-9,199176	4,627258	51,912891	-8,325444	3,365393				51,932762	-8,327345	3,405899			
51,981411	-9,291921	4,744369	51,912762	-8,331943	3,367537				51,934666	-8,332311	3,410085			
51,977116	-9,309326	4,753832	51,909298	-8,342817	3,370462				51,930397	-8,349224	3,420231			
52,010082	-9,318395	4,777096	51,91098	-8,350702	3,376932				51,935413	-8,352407	3,426647			
52,002094	-9,338179	4,781893	51,909435	-8,358361	3,379378				51,929234	-8,374681	3,439441			
52,019562	-9,347865	4,79872	51,912052	-8,365242	3,386408				51,934238	-8,380546	3,447594			
51,98151	-9,410178	4,823378	51,909412	-8,370102	3,384491				51,919975	-8,420548	3,471024			
52,018833	-9,432063	4,889668	51,916924	-8,387143	3,409803				51,931969	-8,425208	3,486728			
51,966797	-9,482141	4,897241	51,939297	-8,405093	3,447151				51,922646	-8,440381	3,488093			
52,035305	-9,522775	5,01339	51,950489	-8,420622	3,468129				51,931683	-8,441936	3,496721			
51,980896	-9,574474	5,020478	51,966648	-8,431284	3,489068				51,923599	-8,454247	3,497102			
52,051151	-9,622458	5,148716	51,972916	-8,44941	3,507127				51,931973	-8,456459	3,506284			
51,985497	-9,682668	5,149797	51,994637	-8,461179	3,536242				51,923878	-8,467232	3,505866			
52,075058	-9,753395	5,314613	51,997055	-8,477075	3,547771				51,932339	-8,47011	3,516353			
52,044308	-9,80385	5,335566	52,009666	-8,49087	3,568461				51,92701	-8,476794	3,513381			
52,118141	-9,853156	5,453647	52,012596	-8,506548	3,580946				51,949646	-8,485509	3,541422			
52,060829	-9,955489	5,620787	52,010269	-8,539023	3,603934				51,944157	-8,491791	3,53276			
52,156273	-10,098333	5,972822	52,018959	-8,555158	3,623826				51,964836	-8,500379	3,558288			
52,101566	-10,234218	6,132085	52,018333	-8,57913	3,639997				51,957287	-8,513775	3,555331			
52,076134	-10,371368	6,313084	52,005325	-8,599864	3,634151				51,981853	-8,522687	3,586655			
52,092728	-10,516239	6,501937	52,004791	-8,622575	3,654352				51,974762	-8,532046	3,580742			
52,036636	-10,707724	6,843937	52,022911	-8,635912	3,687158				51,99881	-8,543652	3,614281			
51,925117	-10,925425	7,219935	52,014053	-8,64533	3,686365				51,987431	-8,559687	3,610107			
52,024601	-11,274875	7,98892	52,029755	-8,657343	3,715507				52,014374	-8,571824	3,647866			
52,199413	-11,689297	9,27285	52,020771	-8,66857	3,713959				52,003326	-8,585072	3,6413			
52,46291	-12,166678	10,364144	52,036121	-8,680768	3,74294				52,026001	-8,600025	3,67654			
52,794319	-12,623044	11,666229	52,030827	-8,688719	3,741915				52,014709	-8,616783	3,672996			
53,267502	-13,137642	12,93438	52,040054	-8,690797	3,753928				52,028728	-8,635181	3,694813			
53,766281	-13,527954	14,018131	52,059048	-8,678576	3,761072				52,027657	-8,64767	3,694664			
54,31498	-13,866484	14,906808	52,062542	-8,679453	3,766029				52,052727	-8,655461	3,730403			
54,867096	-14,28287	15,63518	52,09174	-8,681138	3,79711				52,069027	-8,655691	3,748419			
55,288006	-14,484699	16,100697	52,093864	-8,679449	3,797661				52,079254	-8,663137	3,767208			
55,453171	-14,503384	16,279287	52,113853	-8,676125	3,81529				52,107533	-8,674488	3,808133			
55,5242	-14,501903	16,334747	52,115368	-8,674562	3,816116				52,114777	-8,680755	3,822215			
55,536339	-14,391274	16,333239	52,130447	-8,666579	3,824343				52,135651	-8,692099	3,855545			
55,530746	-14,260367	16,283573	52,131081	-8,666969	3,826083				52,13924	-8,694879	3,861849			
55,49509	-14,116421	16,251917	52,141678	-8,665089	3,83628				52,156673	-8,708317	3,893535			
55,461933	-14,00302	16,267269	52,141525	-8,66497	3,836676				52,164303	-8,711512	3,904951			
55,394524	-13,892552	16,341688	52,145092	-8,664817	3,841341				52,173508	-8,716902	3,920166			
55,32563	-13,818189	16,46586	52,145939	-8,664222	3,842738				52,18084	-8,717317	3,928582			
55,209877	-13,735423	16,644314	52,14999	-8,662493	3,846411				52,186058	-8,717302	3,934267			
55,085064	-13,676551	16,86718	52,150009	-8,661743	3,846863				52,194496	-8,71772	3,944371			
54,914326	-13,598687	17,123005	52,1548	-8,657005	3,848213				52,189991	-8,721365	3,945161			
54,734791	-13,532217	17,414715	52,156384	-8,654572	3,848952				52,193905	-8,720047	3,948817			
54,518032	-13,457514	17,737305	52,163719	-8,653433	3,856736				52,198406	-8,717216	3,948711			
54,294289	-13,394768	18,09889	52,162846	-8,654703	3,858171				52,200119	-8,714218	3,94913			
54,03455	-13,333155	18,507549	52,169479	-8,652849	3,863986				52,22039	-8,715769	3,972356			
53,766491	-13,289356	18,97098	52,167713	-8,654289	3,864695				52,217903	-8,727484	3,98559			
53,462742	-13,248463	19,484417	52,171696	-8,650788	3,866007				52,234657	-8,789442	4,108037			
53,149124	-13,225725	20,061777	52,171818	-8,656425	3,873165				52,243732	-8,837312	4,198516			
52,798897	-13,20824	20,701164	52,17865	-8,658076	3,882981				52,2658	-8,921664	4,476248			
52,436237	-13,21077	21,419588	52,178593	-8,662078	3,887954				52,205067	-9,007831	4,598251			
52,03455	-13,222106	22,225483	52,179939	-8,673942	3,90272				52,159229	-9,084457	4,705112			
51,617054	-13,255219	23,13287	52,179058	-8,677448	3,906115				52,116837	-9,122805	4,719446			
51,163624	-13,2977	24,138306	52,174313	-8,700317	3,92589				52,146732	-9,151786	4,771126			
50,699604	-13,358327	25,248463	52,174755	-8,702621	3,929287				52,139214	-9,159392	4,767027			
50,218601	-13,423511	26,445438	52,168594	-8,718435	3,939761				52,114712	-9,186584	4,770157			
49,75375	-13,49608	27,700535	52,181965	-8,760275	4,019687				52,11787	-9,18853	4,770175			
49,325657	-13,567286	28,94636	52,256031	-8,814596	4,203851				52,14563	-9,200135	4,788584			
48,98597	-13,641236	30,067854	52,243912	-8,918846	4,466613				52,146355	-9,202987	4,785901			
48,808167	-13,721296	30,797297	52,201237	-8,988674	4,565879				52,12133	-9,221959	4,784703			
49,003418	-13,881607	30,382114	52,157635	-9,060112	4,66741				52,124447	-9,222906	4,786926			
49,300697	-14,09338	29,708408	52,136593	-9,098193	4,722578				52,160862	-9,228799	4,807915			
49,482651	-14,055679	29,012877	52,094055	-9,127885	4,720978				52,165783	-9,258412	4,857795			
49,763321	-14,261335	28,328497	52,054729	-9,200749	4,761354				52,125042	-9,299709	4,877054			
49,981174	-14,143983	27,153339	52,038177	-9,212062	4,753882				52,147015	-9,341331	4,958739			
50,020447	-14,086253	26,671978	52,019573	-9,236075	4,758102				52,082668	-9,377556	4,945162			
50,192749	-14,274528	25,775885	52,011738	-9,243794	4,754975				52,110466	-9,414426	5,023539			
50,294476	-14,417343	25,389343	52,009655	-9,249569	4,752081				52,115387	-9,437713	5,057167			
50,367229	-14,530196	25,029953	51,997185	-9,259343	4,748666				52,128799	-9,468515	5,110229			
50,410736	-14,546885	24,720524	51,992168	-9,266531	4,746076				52,096333	-9,504488	5,122161			
50,410858	-14,498006	24,453859	51,980606	-9,274509	4,742566				52,12112	-9,54354	5,1924			
50,401363	-14,405795	24,219244	51,964497	-9,296987	4,749103				52,105694	-9,574183	5,212485			
50,371136	-14,284842	23,99568	51,95863	-9,301056	4,746453				52,128723	-9,624885	5,291887			
50,364872	-14,192002	23,773462	51,943531	-9,321269	4,752425				52,130104	-9,690351	5,359542			
50,370289	-14,046144	23,327404	51,944511	-9,321679	4,752122				52,176792	-9,76748	5,483516			
50,374512	-13,984048	23,123272	51,934498	-9,334088	4,755103				52,195343	-9,918802	5,813271			
50,391953	-13,931026	22,940798	51,934246	-9,334428	4,754772				52,126541	-10,057341	5,979634			
50,398621	-13,87769	22,771904	51,937809	-9,331674	4,752348				52,088726	-10,189781	6,118036			
50,418365	-13,832882	22,622412	51,937553	-9,331059	4,752622				52,083221	-10,380719	6,341688			
50,428257	-13,787781	22,481903	51,948566	-9,3216	4,750894				52,01833	-10,648812	6,771654			
50,452839	-13,750763	22,360279	51,945652	-9,322721	4,751236				52,19976	-11,124461	7,547154			
50,468086	-13,712382	22,243765	51,959286	-9,311918	4,747435				52,391907	-11,652534	9,155878			
50,497005	-13,679492	22,137257	51,957775	-9,310911	4,748384				52,779026	-12,452416	11,185721			
50,51543	-13,643539	22,033407	51,971798	-9,298846	4,748466				53,223064	-13,211224	13,324542			
50,546707	-13,612912	21,939632	51,965702	-9,301044	4,749518				53,718967	-13,874735	15,336956			
50,566463	-13,578878	21,849062	51,984043	-9,287654	4,748626				54,223228	-14,690431	17,162268			
50,59914	-13,550904	21,773197	51,975983	-9,29142	4,749128				54,452198	-15,257727	18,543043			
50,62001	-13,519568	21,69969	51,98484	-9,281415	4,746691				54,247997	-15,394089	19,530153			
50,65266	-13,492435	21,633001	51,96991	-9,289564	4,747932				53,948132	-15,529444	20,454269			
50,672806	-13,460958	21,566381	51,968697	-9,290628	4,747113				53,521595	-15,547183	21,123316			
50,704494	-13,43424	21,506628	51,957165	-9,295562	4,748237				53,106983	-15,490276	21,619019			
50,723251	-13,403367	21,447493	51,943401	-9,337659	4,782896				52,794483	-15,398065	22,039795			
50,753952	-13,378469	21,400377	51,946091	-9,364896	4,837904				52,518345	-15,283704	22,421366			
50,771858	-13,349907	21,353426	51,988789	-9,393714	4,924454				52,310333	-15,172007	22,764769			
50,801086	-13,325815	21,311005	51,976353	-9,42425	4,959596				52,136223	-15,054307	23,109095			
50,817261	-13,297426	21,267036	52,051079	-9,476884	5,108441				51,984386	-14,947464	23,470154			
50,844765	-13,274278	21,228296	52,02832	-9,530747	5,158257				51,84885	-14,844424	23,85207			
50,859005	-13,247273	21,188995	52,134907	-9,596776	5,35225				51,715893	-14,748234	24,258261			
50,885017	-13,226826	21,160501	52,106846	-9,662364	5,409822				51,579609	-14,656895	24,71064			
50,898033	-13,203117	21,131115	52,136219	-9,782107	5,684537				51,410252	-14,569348	25,202633			
50,922462	-13,184543	21,105181	52,076199	-9,93912	5,900965				51,230804	-14,493408	25,745968			
50,933769	-13,162111	21,076948	51,930061	-10,081805	6,110755				51,029297	-14,414199	26,331919			
50,956539	-13,14554	21,053171	51,849957	-10,254684	6,320532				50,837219	-14,342837	26,939072			
50,965996	-13,125516	21,028229	51,832077	-10,460829	6,601698				50,638229	-14,263547	27,56938			
50,987297	-13,112558	21,013409	51,75518	-10,731484	7,071575				50,472946	-14,191211	28,167929			
50,995567	-13,096637	20,997034	51,768433	-11,156595	7,856129				50,337471	-14,109624	28,691555			
51,015461	-13,086276	20,983479	51,939632	-11,737198	10,051937				50,28495	-14,024596	28,967499			
51,022217	-13,072239	20,967148	52,2803	-12,620445	12,245132				50,37883	-13,91514	28,641369			
51,040649	-13,064325	20,954773	52,654423	-13,524072	14,702909				50,515419	-13,761493	28,035025			
51,045742	-13,052981	20,940741	53,181816	-14,508855	16,97916				50,640392	-13,653283	27,459242			
51,062267	-13,047607	20,931282	53,578171	-15,195388	18,897036				50,798092	-13,661793	26,891415			
51,065933	-13,039903	20,925182	53,745335	-15,597097	20,344898				50,940445	-13,744483	26,362494			
51,081505	-13,038318	20,922832	53,493328	-15,742115	21,26029				51,100998	-13,874318	25,878052			
51,084198	-13,033091	20,916561	53,135712	-15,796942	22,13274				51,204182	-13,971704	25,471035			
51,098877	-13,033354	20,912874	52,785198	-15,863187	22,869873				51,303692	-14,053258	25,128569			
51,100426	-13,029769	20,906527	52,4319	-15,772818	23,314079				51,340778	-14,053233	24,826761			
51,11385	-13,031921	20,904015	52,202171	-15,659926	23,618132				51,3578	-13,991834	24,570354			
51,114456	-13,031182	20,904266	52,031807	-15,515027	23,877731				51,351421	-13,906434	24,315845			
51,127251	-13,036106	20,907768	51,909267	-15,386197	24,111324				51,355648	-13,822959	24,067438			
51,127239	-13,036854	20,906906	51,804157	-15,257186	24,339745				51,349461	-13,752225	23,834295			
51,139481	-13,042572	20,908175	51,728966	-15,16846	24,595995				51,358109	-13,70917	23,632673			
51,13868	-13,043859	20,906309	51,630848	-15,089958	24,889475				51,352482	-13,672132	23,448086			
51,150032	-13,050336	20,907764	51,529442	-15,00246	25,210079				51,358479	-13,651462	23,294678			
51,148643	-13,053303	20,911448	51,385818	-14,887503	25,568089				51,353619	-13,63099	23,147108			
51,159714	-13,061374	20,917854	51,239544	-14,771832	25,974043				51,360668	-13,62298	23,025503			
51,158081	-13,064677	20,919498	51,060993	-14,651079	26,432697				51,357269	-13,615634	22,90958			
51,168957	-13,072414	20,922882	50,885235	-14,544847	26,941475				51,369255	-13,617667	22,811804			
51,166874	-13,075186	20,922813	50,697807	-14,436166	27,474127				51,372311	-13,617698	22,71331			
51,177174	-13,082644	20,925692	50,53157	-14,336747	28,010618				51,387974	-13,623475	22,632504			
51,174805	-13,086096	20,930458	50,387356	-14,233568	28,48237				51,394375	-13,626691	22,549393			
51,185104	-13,094213	20,937588	50,313675	-14,125742	28,757896				51,412449	-13,634202	22,483372			
51,182774	-13,097143	20,939751	50,382339	-14,000731	28,448425				51,421452	-13,637769	22,411701			
51,190578	-13,10587	20,94351	50,505062	-13,838339	27,854006				51,440792	-13,64355	22,356016			
51,200565	-13,111997	20,946337	50,607445	-13,711363	27,298141				51,450726	-13,644544	22,29397			
51,197899	-13,113855	20,950909	50,757545	-13,700062	26,747656				51,470928	-13,647171	22,245731			
51,20805	-13,120186	20,95763	50,885895	-13,739079	26,210217				51,482174	-13,644299	22,190235			
51,215916	-13,126122	20,962526	51,033798	-13,828501	25,731861				51,5019	-13,642804	22,151173			
51,213337	-13,125714	20,96216	51,132339	-13,895744	25,320982				51,51215	-13,636052	22,103483			
51,223381	-13,129684	20,964447	51,213375	-13,923592	24,989803				51,531338	-13,629774	22,067324			
51,220749	-13,129364	20,968475	51,249985	-13,902005	24,690809				51,541714	-13,618209	22,02269			
51,23101	-13,133554	20,974552	51,27306	-13,830314	24,419661				51,56002	-13,607699	21,992523			
51,22863	-13,132442	20,975754	51,272457	-13,738172	24,157543				51,568241	-13,592579	21,954117			
51,239109	-13,135424	20,978395	51,285103	-13,663039	23,911846				51,585171	-13,578243	21,927364			
51,236622	-13,133142	20,977659	51,286621	-13,602749	23,681347				51,593143	-13,559487	21,890831			
51,246803	-13,135386	20,979576	51,297192	-13,561171	23,485214				51,609394	-13,542152	21,86701			
51,243824	-13,132415	20,978615	51,294136	-13,531894	23,307804				51,615585	-13,521685	21,837084			
51,253902	-13,135074	20,985079	51,30209	-13,512643	23,152603				51,630058	-13,50273	21,816858			
51,251225	-13,13299	20,987871	51,296364	-13,499088	23,009781				51,635639	-13,480283	21,787304			
51,261551	-13,135125	20,991457	51,304325	-13,494196	22,888178				51,649651	-13,460517	21,769703			
51,269268	-13,133596	20,993067	51,30072	-13,494802	22,775026				51,653706	-13,438387	21,744982			
51,266399	-13,130204	20,992207	51,312698	-13,500112	22,679239				51,666317	-13,419671	21,730997			
51,276592	-13,132584	20,998796	51,313366	-13,509034	22,585445				51,669769	-13,398397	21,707975			
51,273937	-13,130376	21,001873	51,328735	-13,51983	22,506815				51,681721	-13,381008	21,697723			
51,284309	-13,132583	21,005814	51,333557	-13,531458	22,425716				51,684288	-13,362001	21,677691			
51,28167	-13,129615	21,00596	51,352409	-13,544421	22,363373				51,69561	-13,346229	21,668394			
51,291931	-13,131619	21,008457	51,36018	-13,556983	22,298664				51,696995	-13,329677	21,652508			
51,288929	-13,12869	21,008192	51,381065	-13,569723	22,244946				51,706692	-13,317082	21,648273			
51,299026	-13,131654	21,015285	51,389378	-13,578976	22,19042				51,707439	-13,303571	21,632994			
51,296181	-13,130091	21,018888	51,412598	-13,588954	22,140316				51,716469	-13,293292	21,629875			
51,306419	-13,13306	21,023361	51,422955	-13,593999	22,095848				51,716679	-13,282964	21,617363			
51,303551	-13,130897	21,024137	51,447262	-13,600543	22,053974				51,724651	-13,276047	21,618465			
51,313629	-13,133782	21,027256	51,455685	-13,6009	22,018267				51,723705	-13,268713	21,60774			
51,31036	-13,131739	21,027643	51,479225	-13,602081	21,97966				51,730759	-13,264744	21,609377			
51,320248	-13,13562	21,035271	51,486866	-13,596436	21,947176				51,728916	-13,260364	21,601213			
51,317131	-13,13495	21,039391	51,510635	-13,59259	21,913046				51,735443	-13,259604	21,605694			
51,32716	-13,138836	21,044348	51,517643	-13,582965	21,886635				51,732815	-13,257828	21,598921			
51,324013	-13,137552	21,04567	51,540653	-13,573977	21,856348				51,738598	-13,259326	21,604103			
51,333881	-13,141312	21,049286	51,546391	-13,560193	21,83255				51,735203	-13,259912	21,599174			
51,330338	-13,140074	21,050173	51,567478	-13,546587	21,805107				51,740849	-13,263612	21,604559			
51,340019	-13,144725	21,058157	51,57291	-13,529822	21,783037				51,736679	-13,265901	21,601339			
51,336639	-13,144738	21,062603	51,592171	-13,513479	21,762789				51,742073	-13,271068	21,606758			
51,3465	-13,149275	21,067837	51,597019	-13,495064	21,743008				51,737736	-13,274344	21,602903			
51,343113	-13,148559	21,069477	51,615715	-13,47637	21,723112				51,742744	-13,280568	21,610598			
51,352818	-13,152839	21,073351	51,619415	-13,456009	21,704414				51,738178	-13,284938	21,606756			
51,34906	-13,152024	21,07449	51,636719	-13,43768	21,691492				51,742447	-13,29087	21,614374			
51,358192	-13,156	21,078121	51,639748	-13,418263	21,67745				51,738041	-13,295546	21,610395			
51,354252	-13,15592	21,08342	51,656643	-13,400372	21,664635				51,741943	-13,30162	21,618906			
51,36364	-13,160858	21,0903	51,658524	-13,380973	21,651829				51,737621	-13,305963	21,613857			
51,359993	-13,160639	21,092815	51,674168	-13,364823	21,641222				51,741486	-13,311588	21,620674			
51,369564	-13,165009	21,096893	51,675049	-13,347435	21,634048				51,736877	-13,31528	21,616024			
51,365738	-13,164249	21,098074	51,690685	-13,334362	21,626181				51,740788	-13,320727	21,624168			
51,374966	-13,168335	21,101677	51,690121	-13,319154	21,621641				51,736435	-13,323895	21,618315			
51,371025	-13,168205	21,106976	51,704765	-13,309296	21,616068				51,739983	-13,327996	21,625267			
51,380482	-13,173054	21,113815	51,703449	-13,295965	21,610914				51,73587	-13,330372	21,619274			
51,376842	-13,1727	21,116346	51,717678	-13,288854	21,605677				51,739407	-13,333947	21,626852			
51,386486	-13,176906	21,120403	51,714298	-13,278564	21,604618				51,735016	-13,33526	21,621504			
51,382664	-13,175927	21,121597	51,727009	-13,274827	21,601217				51,739059	-13,337728	21,626329			
51,39196	-13,179788	21,125139	51,722935	-13,266974	21,600348				51,734711	-13,337656	21,62035			
51,397541	-13,183938	21,137035	51,735321	-13,266172	21,597416				51,738743	-13,339561	21,626144			
51,393906	-13,18327	21,139482	51,729519	-13,261298	21,600121				51,734089	-13,338806	21,620636			
51,403606	-13,18718	21,143448	51,740891	-13,263907	21,599346				51,738476	-13,3397	21,625055			
51,399773	-13,185885	21,144609	51,73386	-13,260792	21,601822				51,73381	-13,338173	21,619637			
51,409122	-13,189453	21,148069	51,745163	-13,265372	21,600262				51,738728	-13,338531	21,62303			
51,405167	-13,18872	21,153194							51,734009	-13,336419	21,61739			
51,414742	-13,193002	21,159725							51,738693	-13,336088	21,621059			
51,411087	-13,192043	21,162107							51,7341	-13,333807	21,615248			
51,420826	-13,195711	21,166016							51,7388	-13,33287	21,619854			
51,416958	-13,194176	21,167185							51,734505	-13,330477	21,614157			
51,426338	-13,197545	21,17061							51,739197	-13,329109	21,617491			
51,422337	-13,196607	21,175701							51,735523	-13,326324	21,610949			
51,431938	-13,200731	21,182144							51,74012	-13,324957	21,615116			
51,428234	-13,199621	21,18453							51,735901	-13,322189	21,609299			
51,437981	-13,203193	21,188452							51,740643	-13,320987	21,613279			
51,434048	-13,201566	21,189693							51,736767	-13,318312	21,607061			
51,44342	-13,20489	21,193151							51,741596	-13,317378	21,611086			
51,439346	-13,203897	21,198271							51,737438	-13,314972	21,605785			
51,448936	-13,208018	21,204693							51,742069	-13,314285	21,609814			
51,445152	-13,206902	21,207142							51,737999	-13,311975	21,604223			
51,454872	-13,210518	21,211128							51,742813	-13,311621	21,608408			
51,450844	-13,208931	21,21249							51,73851	-13,309788	21,603575			
51,46019	-13,212334	21,216022							51,743053	-13,309835	21,608171			
51,455704	-13,210468	21,217003							51,739037	-13,308159	21,602802			
51,464962	-13,214573	21,22431							51,743511	-13,308422	21,607843			
51,470299	-13,217673	21,232836							51,739017	-13,307246	21,603371			
51,466133	-13,216171	21,234453							51,743382	-13,307883	21,608381			
51,475521	-13,219799	21,238108							51,739101	-13,30687	21,603241			
51,471035	-13,218153	21,239273							51,743462	-13,307711	21,608532			
51,48032	-13,222424	21,246731							51,738728	-13,30714	21,604479			
51,476093	-13,221789	21,250793							51,742897	-13,308323	21,609695			
51,485661	-13,225859	21,255589							51,738472	-13,307821	21,604809			
51,481445	-13,224498	21,257401							51,742901	-13,309234	21,610174			
51,490849	-13,228283	21,261202							51,738258	-13,308849	21,605982			
51,486305	-13,226756	21,262524							51,742661	-13,310512	21,611017			
51,495598	-13,231145	21,270039							51,737976	-13,31021	21,606428			
51,491302	-13,230589	21,274174							51,742371	-13,312043	21,611889			
51,500866	-13,234753	21,279026							51,737766	-13,311985	21,607071			
51,496574	-13,23345	21,280951							51,742157	-13,313264	21,612566			
51,50597	-13,237303	21,284817							51,737831	-13,313263	21,607239			
51,501354	-13,235805	21,286222							51,742237	-13,314677	21,612816			
51,510635	-13,240224	21,293724							51,737701	-13,314939	21,608253			
51,506268	-13,239658	21,297867							51,742104	-13,31633	21,613718			
51,515831	-13,243831	21,302715							51,738197	-13,315934	21,607395			
51,511459	-13,242506	21,304695							51,742229	-13,316954	21,613609			
51,520844	-13,24635	21,308573							51,737743	-13,316833	21,608543			
51,516159	-13,244808	21,310013							51,742065	-13,317903	21,614239			
51,525436	-13,249192	21,317463							51,737888	-13,31742	21,608055			
51,521	-13,248559	21,321577							51,742203	-13,318316	21,613625			
51,53056	-13,252687	21,326393							51,738243	-13,317856	21,607874			
51,526119	-13,251294	21,328402							51,742313	-13,318641	21,614344			
51,535496	-13,255092	21,332268							51,738129	-13,318159	21,608217			
51,530743	-13,253474	21,333725							51,742313	-13,318604	21,61375			
51,54002	-13,257799	21,341108							51,738182	-13,318071	21,607969			
51,535511	-13,257079	21,345188							51,742058	-13,318618	21,614511			
51,545071	-13,261153	21,349968							51,737816	-13,317883	21,608213			
51,54055	-13,259686	21,352003							51,741947	-13,318134	21,613617			
51,549923	-13,263437	21,355858							51,737667	-13,317264	21,607985			
51,545097	-13,261748	21,357332							51,741928	-13,317708	21,614052			
51,554054	-13,265107	21,360655							51,737698	-13,316899	21,608351			
51,549126	-13,264005	21,365574							51,741825	-13,317212	21,613804			
51,558372	-13,268198	21,371471							51,737522	-13,316313	21,607853			
51,553753	-13,266963	21,373941							51,74147	-13,316696	21,614208			
51,563107	-13,270685	21,377899							51,737217	-13,315924	21,607939			
51,558258	-13,269039	21,379515							51,741566	-13,316246	21,613253			
51,567307	-13,272531	21,382965							51,737427	-13,315568	21,607561			
51,562363	-13,271451	21,388029							51,74152	-13,316107	21,613907			
51,571671	-13,275704	21,394018							51,737324	-13,315346	21,607695			
51,567043	-13,274522	21,396629							51,741547	-13,315639	21,613028			
51,576443	-13,278309	21,400696							51,737484	-13,31496	21,607174			
51,571568	-13,276702	21,402447							51,741749	-13,315415	21,613335			
51,580658	-13,280261	21,405977							51,73774	-13,314878	21,60759			
51,575672	-13,279207	21,411112							51,741909	-13,315272	21,613195			
51,585003	-13,283511	21,417124							51,738083	-13,314631	21,606703			
51,580326	-13,282352	21,419819							51,742249	-13,314958	21,612711			
51,589737	-13,28619	21,423946							51,738251	-13,314449	21,60705			
51,584797	-13,284602	21,425785							51,742382	-13,314973	21,612709			
51,593899	-13,288203	21,429354							51,738304	-13,314422	21,606556			
51,588848	-13,287155	21,434517							51,742455	-13,315011	21,612686			
51,59819	-13,29149	21,440514							51,738316	-13,314414	21,606585			
51,593445	-13,29033	21,44326							51,742447	-13,31491	21,612442			
51,602856	-13,294195	21,447416							51,738518	-13,314435	21,606527			
51,597843	-13,292604	21,449312							51,742672	-13,31505	21,612797			
51,606949	-13,296227	21,452887							51,738499	-13,31457	21,607082			
51,60183	-13,295162	21,458055							51,742489	-13,315105	21,612764			
51,611176	-13,299506	21,464016							51,738449	-13,314555	21,606859			
51,606354	-13,298327	21,466791							51,742462	-13,315073	21,613014			
51,615761	-13,3022	21,470955							51,7383	-13,314578	21,607378			
51,610676	-13,300591	21,472889							51,742222	-13,315098	21,61315			
51,619781	-13,304216	21,476454							51,737831	-13,31461	21,607775			
51,614361	-13,302278	21,477776							51,741863	-13,315281	21,613607			
51,618279	-13,305498	21,48835							51,737667	-13,314797	21,607796			
51,627617	-13,309494	21,492832							51,741581	-13,315446	21,613766			
51,622448	-13,30784	21,494917							51,737537	-13,315085	21,607807			
51,631622	-13,31158	21,498611							51,741707	-13,315727	21,61392			
51,626202	-13,309722	21,500111							51,737461	-13,315325	21,608009			
51,635311	-13,313974	21,507042							51,741608	-13,315905	21,613474			
51,630154	-13,313	21,510916							51,737709	-13,315458	21,607672			
51,639549	-13,31706	21,515493							51,741718	-13,316115	21,614122			
51,634354	-13,315424	21,517708							51,737545	-13,31566	21,608011			
51,64357	-13,31921	21,521484							51,741703	-13,316094	21,613407			
51,638115	-13,317367	21,523081							51,737732	-13,315581	21,607538			
51,647259	-13,321647	21,530033							51,741867	-13,316248	21,614086			
51,642056	-13,320667	21,533953							51,737946	-13,315776	21,607641			
51,651478	-13,32475	21,538565							51,742077	-13,31614	21,613073			
51,646221	-13,323108	21,540855							51,738144	-13,315505	21,606932			
51,655453	-13,326912	21,544659							51,742218	-13,316051	21,61339			
51,649944	-13,325052	21,546307							51,73806	-13,315557	21,607367			
51,659103	-13,329338	21,553238							51,742256	-13,316054	21,612804			
51,653839	-13,32833	21,557169							51,738312	-13,315469	21,606672			
51,663273	-13,332417	21,561783							51,742386	-13,316104	21,613361			
51,657951	-13,33075	21,564117							51,738094	-13,315494	21,607393			
51,667194	-13,334557	21,567924							51,742321	-13,315909	21,612841			
51,661625	-13,332666	21,569599							51,738338	-13,31517	21,606791			
51,670792	-13,336946	21,576492							51,742393	-13,315684	21,613102			
51,665462	-13,3359	21,580416							51,738033	-13,315098	21,607836			
51,674904	-13,339983	21,585018							51,742012	-13,315571	21,613308			
51,669506	-13,338283	21,587385							51,737869	-13,314819	21,607258			
51,678761	-13,342088	21,591181							51,741985	-13,315353	21,613289			
51,673122	-13,340165	21,592875							51,737659	-13,314824	21,607758			
51,682049	-13,343596	21,596016							51,741581	-13,315463	21,613771			
51,676331	-13,342224	21,600807							51,737495	-13,314878	21,607561			
51,685524	-13,34644	21,606213							51,741676	-13,31536	21,613201			
51,680084	-13,344954	21,608864							51,737347	-13,314899	21,607883			
51,689327	-13,348753	21,612789							51,74144	-13,3156	21,613775			
51,683655	-13,346905	21,614683							51,737473	-13,315111	21,607714			
51,692665	-13,350474	21,617981							51,741753	-13,315591	21,6133			
51,686913	-13,349126	21,622921							51,737637	-13,315125	21,607756			
51,696175	-13,353415	21,62842							51,741741	-13,315738	21,613718			
51,690716	-13,351982	21,631207							51,737823	-13,315268	21,607561			
51,700012	-13,355845	21,635229							51,742107	-13,3157	21,613289			
51,694309	-13,354026	21,637239							51,738056	-13,315234	21,60747			
51,703369	-13,357656	21,6406							51,742039	-13,315825	21,613512			
51,697575	-13,35632	21,645601							51,738243	-13,315291	21,606941			
51,706875	-13,360653	21,651117							51,74218	-13,315714	21,613394			
51,701363	-13,359225	21,653978							51,738094	-13,315195	21,607294			
51,710686	-13,363124	21,658037							51,742271	-13,315682	21,612902			
51,704926	-13,361302	21,660107							51,738369	-13,315213	21,606802			
51,714016	-13,36496	21,663481							51,742565	-13,315896	21,613445			
51,708164	-13,363608	21,668499							51,738361	-13,315373	21,607521			
51,717491	-13,367956	21,673994							51,742386	-13,315802	21,613104			
51,711914	-13,366507	21,676891							51,738403	-13,31516	21,606976			
51,721252	-13,370418	21,680954							51,742439	-13,315716	21,613426			
51,715427	-13,368571	21,683054							51,73814	-13,315213	21,607817			
51,724545	-13,372236	21,686417							51,742138	-13,315656	21,613319			
51,718445	-13,370069	21,687832							51,738018	-13,314915	21,60725			
51,727306	-13,373477	21,69059							51,742043	-13,31554	21,613693			
51,720978	-13,371119	21,691479							51,737656	-13,315017	21,608013			
51,729599	-13,374334	21,693781							51,741611	-13,315528	21,613581			
51,731487	-13,374898	21,696224							51,737625	-13,314912	21,607376			
51,724773	-13,372265	21,696407							51,741543	-13,315553	21,613932			
51,733047	-13,375261	21,698097							51,737255	-13,315116	21,60813			
51,726192	-13,372561	21,698051							51,741306	-13,315647	21,613621			
51,734337	-13,375505	21,699545							51,737461	-13,315125	21,607565			
51,727367	-13,372768	21,699327							51,741566	-13,315783	21,614063			
									51,737297	-13,31535	21,608143			
									51,741501	-13,315796	21,613482			
									51,73772	-13,315267	21,607336			
									51,741928	-13,315825	21,613495			
									51,737801	-13,315399	21,607878			
									51,741714	-13,315938	21,613783			
									51,737953	-13,315312	21,60717			
									51,742214	-13,315771	21,61293			
									51,737999	-13,315248	21,607298			
									51,741974	-13,315813	21,613209			
									51,738029	-13,315152	21,606964			
									51,742363	-13,315602	21,612688			
									51,738052	-13,315127	21,607214			
									51,742146	-13,315772	21,613323			
									51,738155	-13,315216	21,607056			
									51,74218	-13,315593	21,613049			
