X	Y	Z	X	Y	Z	X	Y	Z	X	Y	Z	X	Y	Z
3,310994	-67,287292	62,535854	3,204613	-67,323387	62,497665	3,205334	-67,324661	62,501415	3,25442	-67,298233	62,518425	3,448735	-67,497261	62,425102
3,327707	-67,368736	62,538761	3,20559	-67,428146	62,503033	3,213323	-67,416252	62,505798	3,243523	-67,312714	62,520493	3,434664	-67,515472	62,428448
3,364069	-67,509796	62,532948	3,255667	-67,543549	62,494255	3,256689	-67,539146	62,498425	3,255799	-67,298248	62,519165	3,447419	-67,494698	62,427429
3,420381	-67,695206	62,510674	3,296873	-67,741524	62,474518	3,303383	-67,760452	62,479519	3,240043	-67,316643	62,521515	3,431308	-67,516304	62,430721
3,495411	-67,91523	62,467007	3,381871	-67,935257	62,429955	3,389323	-68,033493	62,434555	3,252616	-67,30043	62,519218	3,443857	-67,493965	62,428879
3,587273	-68,164063	62,39888	3,460311	-68,221642	62,366936	3,476383	-68,394951	62,360386	3,238238	-67,317032	62,52108	3,431553	-67,511253	62,431629
3,693966	-68,438637	62,304466	3,57802	-68,516182	62,271698	3,604646	-68,80275	62,245827	3,248856	-67,302345	62,518867	3,443697	-67,491943	62,430237
3,815512	-68,766441	62,183636	3,686947	-68,881653	62,148083	3,665036	-69,237152	62,093876	3,239819	-67,30896	62,520214	3,432142	-67,507561	62,432728
3,899415	-69,086128	62,035248	3,796106	-69,218613	61,989845	3,681495	-69,65448	61,901543	3,249173	-67,300949	62,518082	3,443603	-67,489296	62,43145
3,943102	-69,402649	61,862236	3,818818	-69,580284	61,807411	3,613866	-70,142021	61,676361	3,241031	-67,311653	62,518448	3,434206	-67,503044	62,433773
3,953036	-69,726799	61,665775	3,828132	-69,93763	61,596359	3,529473	-70,638756	61,412815	3,251072	-67,299835	62,516876	3,445847	-67,484894	62,432808
3,932504	-70,061096	61,447414	3,772933	-70,340843	61,36211	3,529301	-71,050659	61,117641	3,242814	-67,308456	62,518215	3,435313	-67,501549	62,435543
3,885599	-70,40863	61,208481	3,708761	-70,766792	61,101128	3,5355	-71,439011	60,801567	3,254519	-67,297684	62,516308	3,448199	-67,482056	62,434399
3,810203	-70,791771	60,951622	3,581275	-71,246292	60,816021	3,533607	-71,825455	60,473213	3,245916	-67,310181	62,517479	3,433919	-67,501511	62,437336
3,708988	-71,20327	60,67448	3,517249	-71,649292	60,503708	3,528735	-72,204086	60,135143	3,25826	-67,296097	62,5163	3,44804	-67,480331	62,435726
3,584944	-71,638885	60,375629	3,483769	-72,01577	60,176323	3,518996	-72,579613	59,791862	3,245819	-67,309425	62,518753	3,435707	-67,498611	62,43866
3,480642	-72,051071	60,057514	3,462685	-72,376343	59,839924	3,505136	-72,945282	59,446186	3,258603	-67,295944	62,516884	3,447966	-67,478737	62,43721
3,436234	-72,401917	59,725876	3,440881	-72,734077	59,499153	3,493116	-73,30368	59,101574	3,242791	-67,317024	62,518967	3,438812	-67,493515	62,439991
3,403034	-72,741508	59,388821	3,42225	-73,084961	59,154961	3,482232	-73,662674	58,759808	3,255147	-67,299957	62,516941	3,450302	-67,475967	62,439182
3,378266	-73,078613	59,051456	3,402236	-73,425308	58,811756	3,474023	-73,999641	58,423553	3,243813	-67,31015	62,519093	3,439544	-67,491302	62,441998
3,359306	-73,40831	58,716072	3,401707	-73,780342	58,472069	3,475455	-74,347977	58,095722	3,252799	-67,299324	62,517807	3,451493	-67,473068	62,441116
3,343014	-73,728607	58,385216	3,391128	-74,10672	58,136841	3,477925	-74,661438	57,778439	3,243322	-67,309677	62,519329	3,441886	-67,487114	62,443913
3,328895	-74,036865	58,06126	3,389496	-74,431534	57,808949	3,49145	-74,980362	57,474361	3,252836	-67,299332	62,517784	3,454284	-67,468613	62,443321
3,315344	-74,331711	57,746613	3,377559	-74,726944	57,491615	3,498806	-75,257927	57,185841	3,240963	-67,313736	62,519157	3,442407	-67,487312	62,446556
3,304156	-74,611145	57,443424	3,381947	-75,030495	57,187325	3,51863	-75,542351	56,914753	3,25128	-67,300331	62,517319	3,455526	-67,466354	62,445412
3,292201	-74,87542	57,153904	3,375905	-75,297775	56,897911	3,526749	-75,781235	56,6632	3,239362	-67,313416	62,51894	3,440331	-67,486832	62,448586
3,297516	-75,129677	56,880745	3,380446	-75,559128	56,624504	3,55276	-76,02639	56,432854	3,249847	-67,300911	62,517017	3,471209	-67,547836	62,449684
3,299554	-75,589081	56,386684	3,37539	-75,786606	56,370354	3,560937	-76,224403	56,224892	3,238948	-67,310997	62,518272	3,492521	-67,733803	62,446674
3,295517	-75,791718	56,168079	3,381044	-76,008011	56,135277	3,573862	-76,419556	56,039394	3,249291	-67,300522	62,516106	3,562064	-67,967743	62,420208
3,305207	-75,971848	55,969456	3,378911	-76,197571	55,923008	3,57791	-76,572075	55,879295	3,237041	-67,316711	62,516994	3,633088	-68,358734	62,369289
3,301357	-76,136185	55,791767	3,384409	-76,380508	55,731934	3,606389	-76,729897	55,74379	3,247808	-67,302147	62,515095	3,705102	-68,869774	62,280224
3,310203	-76,280052	55,635914	3,38357	-76,526939	55,564835	3,614008	-76,838661	55,633991	3,231904	-67,318398	62,516838	3,622398	-69,506805	62,145508
3,305963	-76,407639	55,502163	3,382721	-76,659706	55,420029	3,612523	-76,93573	55,547985	3,243592	-67,304237	62,514046	3,580104	-70,083748	61,953461
3,312878	-76,512062	55,390007	3,381799	-76,764488	55,301216	3,613349	-76,997086	55,489079	3,230744	-67,319794	62,515156	3,690163	-70,566612	61,71529
3,309084	-76,599983	55,299686	3,387416	-76,864548	55,204914	3,643329	-77,066544	55,454628	3,241104	-67,305229	62,513233	3,764477	-71,041565	61,447819
3,314284	-76,666626	55,230404	3,390006	-76,927689	55,133324	3,65125	-77,087555	55,444717	3,228926	-67,316376	62,51495	3,797373	-71,498268	61,160557
3,310701	-76,717171	55,18198	3,397177	-76,987206	55,083275	3,655731	-77,11058	55,455433	3,238982	-67,305504	62,512672	3,793624	-71,94381	60,860168
3,316426	-76,751961	55,154224	3,400196	-77,009499	55,056774	3,65586	-77,086533	55,488796	3,230167	-67,317413	62,513397	3,797718	-72,388931	60,553894
3,312185	-76,770355	55,146267	3,401884	-77,026215	55,051483	3,681689	-77,068253	55,544437	3,240057	-67,305099	62,512024	3,796799	-72,812584	60,245014
3,31663	-76,772377	55,156708	3,404677	-77,012123	55,069096	3,686466	-77,007271	55,62035	3,227454	-67,317245	62,513695	3,825132	-73,222618	59,941471
3,312809	-76,7584	55,184807	3,402221	-76,983368	55,106533	3,712115	-76,950516	55,716347	3,238758	-67,305573	62,511391	3,835863	-73,605904	59,648373
3,315923	-76,731308	55,228973	3,405741	-76,936104	55,164974	3,715167	-76,857864	55,829834	3,224469	-67,324821	62,512444	3,890884	-73,988579	59,36887
3,312528	-76,689194	55,288322	3,405287	-76,876717	55,24136	3,739352	-76,770454	55,960011	3,236181	-67,308792	62,510174	3,939847	-74,375473	59,102879
3,314504	-76,637169	55,361149	3,410257	-76,799858	55,336502	3,740755	-76,652382	56,104168	3,223124	-67,321648	62,511822	4,021177	-74,752289	58,847374
3,311394	-76,573982	55,44733	3,411261	-76,712181	55,446171	3,737072	-76,554382	56,256657	3,233715	-67,308037	62,510014	4,050946	-75,122986	58,603535
3,315969	-76,50386	55,544876	3,417297	-76,610451	55,571293	3,733382	-76,421005	56,419216	3,224273	-67,317688	62,511501	4,137797	-75,515617	58,366154
3,314192	-76,419777	55,652702	3,418621	-76,499191	55,707298	3,766631	-76,309273	56,589729	3,234387	-67,307129	62,509975	4,197505	-75,885887	58,13308
3,315494	-76,328743	55,769257	3,424829	-76,377228	55,856239	3,77901	-76,172005	56,764526	3,224889	-67,318954	62,511246	4,259092	-76,223694	57,902828
3,313099	-76,228416	55,893414	3,428339	-76,248787	56,013538	3,778481	-76,03405	56,941586	3,235259	-67,306671	62,509895	4,249231	-76,5868	57,673573
3,314117	-76,125725	56,023418	3,435073	-76,111221	56,179863	3,779983	-75,885864	57,121422	3,225482	-67,31871	62,511555	4,284922	-76,901497	57,448021
3,313914	-76,017212	56,159115	3,439325	-75,967651	56,35125	3,822628	-75,783829	57,298138	3,237131	-67,305901	62,510246	4,270137	-77,237389	57,225857
3,314441	-75,899658	56,299347	3,448218	-75,820595	56,529091	3,841223	-75,653473	57,469334	3,225633	-67,318573	62,512093	4,244051	-77,591972	56,999481
3,326605	-75,791306	56,443081	3,454005	-75,672203	56,709202	3,850299	-75,523079	57,635624	3,237503	-67,305771	62,51041	4,17907	-77,954956	56,76973
3,333263	-75,666328	56,588188	3,462558	-75,518898	56,891907	3,856792	-75,391075	57,797802	3,227037	-67,319092	62,512085	4,145242	-78,302765	56,535572
3,353595	-75,558128	56,734753	3,467952	-75,366074	57,073795	3,856111	-75,271011	57,951958	3,23875	-67,305214	62,51075	4,115693	-78,690857	56,292526
3,362165	-75,43148	56,880127	3,475454	-75,211357	57,255192	3,861753	-75,150345	58,100342	3,225489	-67,320511	62,512917	4,009342	-79,180992	56,022552
3,385584	-75,324532	57,025818	3,480675	-75,063156	57,433651	3,859568	-75,043312	58,23978	3,237944	-67,305878	62,511089	3,894364	-79,668999	55,726192
3,39355	-75,199989	57,168568	3,490013	-74,914864	57,60939	3,867922	-74,936729	58,372005	3,224617	-67,322006	62,513046	3,80569	-80,204109	55,397057
3,414723	-75,094193	57,309242	3,495852	-74,77079	57,77956	3,867554	-74,850327	58,493515	3,236296	-67,307365	62,51125	3,822512	-80,840767	55,01516
3,42093	-74,97628	57,445129	3,503612	-74,62928	57,944553	3,876901	-74,760246	58,606663	3,22604	-67,317444	62,513016	3,894456	-81,47802	54,576763
3,441402	-74,87278	57,576981	3,507422	-74,495087	58,101521	3,883969	-74,706131	58,706978	3,236711	-67,306572	62,511169	3,937299	-82,203575	54,065937
3,447208	-74,763	57,702644	3,516478	-74,367439	58,252476	3,896262	-74,63826	58,796761	3,228204	-67,318153	62,51239	3,740394	-82,998978	53,451252
3,471273	-74,668594	57,824085	3,521736	-74,247475	58,39444	3,911086	-74,617691	58,871883	3,238926	-67,30545	62,511375	3,750327	-83,797607	52,771458
3,476962	-74,567741	57,938744	3,528996	-74,132607	58,528236	3,92352	-74,572914	58,935097	3,226336	-67,318161	62,5135	3,705785	-84,51609	52,057056
3,499046	-74,481346	58,047779	3,535266	-74,027245	58,651798	3,92593	-74,557259	58,985657	3,238414	-67,305679	62,511459	3,639807	-85,200905	51,305614
3,503754	-74,391823	58,149075	3,543168	-73,93055	58,766956	3,932171	-74,525978	59,026047	3,240519	-67,40686	62,515736	3,586614	-85,892769	50,5126
3,523717	-74,315567	58,243706	3,549011	-73,844803	58,871433	3,964604	-74,562363	59,052319	3,288108	-67,526619	62,50713	3,437957	-86,797035	49,608047
3,527467	-74,239006	58,329956	3,556578	-73,764923	58,966087	3,973728	-74,558228	59,065536	3,330591	-67,715233	62,486504	3,203609	-87,931229	48,518089
3,549617	-74,176704	58,409954	3,561372	-73,695663	59,049461	3,966473	-74,573418	59,068684	3,413974	-67,939606	62,444157	3,195501	-89,271912	47,22744
3,553032	-74,112625	58,481804	3,566858	-73,633194	59,122574	3,966505	-74,578705	59,065243	3,493958	-68,237633	62,378448	3,414233	-90,809525	45,646774
3,572935	-74,062439	58,546734	3,572423	-73,588013	59,185253	4,013251	-74,652428	59,050571	3,611523	-68,576187	62,280354	3,199658	-92,76767	43,667931
3,575249	-74,011902	58,603241	3,580247	-73,547539	59,23761	4,021757	-74,681641	59,025162	3,724729	-68,998337	62,151051	3,140348	-95,543854	41,146431
3,592929	-73,975029	58,6525	3,582421	-73,519157	59,278717	4,019351	-74,715874	58,99411	3,780903	-69,347458	61,981663	3,436124	-98,590324	38,208786
3,5942	-73,938515	58,693268	3,589302	-73,495827	59,310066	4,01722	-74,745956	58,960308	3,770256	-69,749168	61,785664	3,785564	-101,437675	35,025288
3,613236	-73,920158	58,727718	3,590177	-73,48481	59,330738	4,011857	-74,788788	58,921982	3,736217	-70,158134	61,556564	4,032485	-103,794998	31,837805
3,607085	-73,902542	58,753281	3,597985	-73,481567	59,342979	4,010759	-74,827843	58,882397	3,636853	-70,637718	61,298771	4,260354	-105,205048	29,133068
3,62524	-73,896492	58,772266	3,598942	-73,490471	59,345398	3,998894	-74,883888	58,8386	3,548032	-71,101242	61,009022	4,337939	-105,877663	27,06027
3,61982	-73,891518	58,782864	3,605914	-73,502617	59,339741	4,000463	-74,932388	58,793709	3,518016	-71,494484	60,695591	4,105118	-106,199295	25,554625
3,635853	-73,896416	58,78727	3,606666	-73,525536	59,325123	3,990613	-74,993668	58,745281	3,502654	-71,868019	60,366352	4,001553	-106,292007	24,534536
3,630748	-73,903473	58,784027	3,615245	-73,552803	59,304386	3,992873	-75,047935	58,696976	3,489025	-72,243057	60,029251	3,818236	-106,241875	24,003063
3,644745	-73,918495	58,775127	3,617615	-73,591194	59,276196	3,981677	-75,117905	58,645195	3,474448	-72,609657	59,685326	3,647571	-106,105751	23,902382
3,637605	-73,937569	58,760269	3,625372	-73,62941	59,242455	3,974423	-75,185036	58,592941	3,457619	-72,969734	59,339085	3,511913	-105,943474	24,112806
3,652472	-73,965515	58,741081	3,628754	-73,678215	59,202343	3,961949	-75,280037	58,5336	3,455976	-73,337196	58,992817	3,413713	-105,7696	24,576101
3,650654	-73,987907	58,716511	3,634823	-73,724602	59,157631	3,954882	-75,350868	58,472366	3,443706	-73,684303	58,648979	3,293771	-105,582275	25,248932
3,664671	-74,029411	58,688404	3,63834	-73,783806	59,108597	3,943024	-75,452744	58,405079	3,446856	-74,04464	58,310581	3,134391	-105,38121	26,078753
3,663527	-74,059166	58,655148	3,646412	-73,83802	59,056652	3,937028	-75,527275	58,337162	3,439152	-74,368973	57,978729	2,933623	-105,153267	27,036213
3,672842	-74,146751	58,578419	3,648647	-73,903725	59,00124	3,929775	-75,634827	58,263878	3,445729	-74,698868	57,656677	2,738495	-104,899864	28,090944
3,683456	-74,208214	58,536385	3,655634	-73,960854	58,943718	3,929113	-75,715225	58,190887	3,440658	-74,988029	57,346481	2,538184	-104,622917	29,20697
3,681732	-74,249054	58,49065	3,656441	-74,027412	58,883858	3,947182	-75,813911	58,115849	3,446182	-75,280571	57,051319	2,361841	-104,303925	30,371782
3,689472	-74,312912	58,443649	3,662699	-74,089165	58,823921	3,962761	-75,905838	58,04179	3,442967	-75,534615	56,773506	2,172952	-103,969856	31,539793
3,687421	-74,357399	58,393852	3,662523	-74,160355	58,762939	3,986957	-75,992088	57,966351	3,45029	-75,788361	56,513721	2,003064	-103,606308	32,704628
3,692747	-74,422592	58,343361	3,667991	-74,221329	58,702122	4,005022	-76,079765	57,893421	3,450469	-76,006004	56,27549	1,831932	-103,233978	33,835419
3,690322	-74,468544	58,291988	3,665509	-74,289352	58,641148	4,023977	-76,162285	57,821301	3,468525	-76,223251	56,059036	1,688966	-102,844185	34,925968
3,694799	-74,537804	58,241196	3,671888	-74,349892	58,582478	4,04275	-76,24427	57,751854	3,471255	-76,39727	55,865372	1,57473	-102,444679	35,960609
3,692403	-74,583984	58,189541	3,670696	-74,417282	58,524979	4,062579	-76,325691	57,684036	3,489707	-76,566399	55,695053	1,527471	-102,025856	36,936909
3,695054	-74,650391	58,138947	3,676481	-74,472481	58,470058	4,081974	-76,404861	57,618851	3,492369	-76,697891	55,54982	1,511447	-101,620628	37,821022
3,692588	-74,695778	58,088238	3,674934	-74,531853	58,416969	4,100639	-76,484169	57,55534	3,513779	-76,827415	55,428841	1,50432	-101,261635	38,585888
3,693522	-74,759064	58,03894	3,679881	-74,579865	58,367481	4,117663	-76,558472	57,49506	3,516082	-76,913055	55,332424	1,483129	-100,953453	39,220943
3,690664	-74,802185	57,991058	3,681912	-74,63517	58,321522	4,135052	-76,633331	57,43644	3,536402	-76,996704	55,260033	1,474248	-100,679344	39,736359
3,690443	-74,864578	57,94574	3,686896	-74,679543	58,279728	4,146394	-76,700928	57,381817	3,538191	-77,041191	55,212399	1,462162	-100,443794	40,132198
3,687715	-74,904366	57,901691	3,68792	-74,725677	58,24107	4,159601	-76,766937	57,330208	3,557069	-77,083801	55,188229	1,477763	-100,228592	40,427921
3,686045	-74,960693	57,86034	3,69135	-74,760139	58,20718	4,170312	-76,824928	57,282261	3,558239	-77,086296	55,187012	1,501702	-100,045792	40,62355
3,683399	-74,996803	57,820606	3,694161	-74,797081	58,176891	4,186616	-76,886925	57,237759	3,576661	-77,086845	55,20747	1,551932	-99,884933	40,735893
3,680683	-75,046936	57,783657	3,698871	-74,822662	58,1525	4,198266	-76,939697	57,196548	3,578074	-77,052841	55,249752	1,597657	-99,767525	40,759129
3,677807	-75,078369	57,749691	3,702793	-74,852608	58,132507	4,214353	-76,997581	57,158356	3,601653	-77,022865	55,311771	1,655877	-99,678467	40,709576
3,674621	-75,125084	57,719246	3,706117	-74,868095	58,117767	4,226692	-77,042892	57,123718	3,60396	-76,957771	55,39217	1,70008	-99,63298	40,58358
3,672035	-75,151283	57,691299	3,707378	-74,889221	58,107082	4,249599	-77,093224	57,092083	3,612504	-76,907509	55,487015	1,753124	-99,610878	40,399426
3,668424	-75,190285	57,666695	3,712454	-74,898102	58,102055	4,259459	-77,135559	57,063412	3,612046	-76,818718	55,597149	1,791974	-99,623444	40,155621
3,66608	-75,211472	57,644569	3,714184	-74,912796	58,101013	4,272143	-77,180923	57,036789	3,607357	-76,729607	55,718655	1,839059	-99,650574	39,87014
3,662129	-75,243324	57,625565	3,718895	-74,91217	58,104729	4,280471	-77,215324	57,013939	3,606854	-76,620689	55,852802	1,874966	-99,699661	39,545326
3,660035	-75,259789	57,608936	3,718951	-74,918861	58,111858	4,304961	-77,256592	56,993984	3,601519	-76,505219	55,996899	1,912576	-99,760727	39,192944
3,655974	-75,288589	57,59594	3,721433	-74,911026	58,122753	4,310811	-77,287178	56,975685	3,60289	-76,37851	56,151382	1,941492	-99,830383	38,820999
3,653677	-75,300026	57,585575	3,720173	-74,909889	58,137318	4,325268	-77,322426	56,960209	3,598559	-76,247383	56,312019	1,972313	-99,907219	38,43729
3,649346	-75,321526	57,578388	3,723262	-74,896782	58,156036	4,328738	-77,345993	56,947121	3,60136	-76,107941	56,480423	1,99418	-99,985199	38,050041
3,647319	-75,328117	57,573524	3,721073	-74,888161	58,17728	4,349302	-77,378014	56,936836	3,598332	-75,969193	56,65197	2,01848	-100,063698	37,666924
3,643209	-75,343018	57,571434	3,723421	-74,868057	58,201866	4,352869	-77,398178	56,928505	3,601424	-75,822556	56,827282	2,032959	-100,138733	37,294106
3,641429	-75,345444	57,571285	3,721278	-74,85202	58,228287	4,370773	-77,42659	56,922462	3,598327	-75,675583	57,002632	2,052182	-100,209641	36,938271
3,637408	-75,358467	57,57412	3,724899	-74,828186	58,25861	4,368656	-77,448059	56,916866	3,602392	-75,525848	57,179741	2,062092	-100,274529	36,603569
3,635403	-75,356903	57,579014	3,726478	-74,810135	58,290703	4,347479	-77,513367	56,904221	3,601156	-75,382698	57,354294	2,07524	-100,335121	36,29353
3,6314	-75,36412	57,586281	3,729607	-74,781296	58,325233	4,312369	-77,569771	56,884617	3,605151	-75,235306	57,526875	2,081737	-100,386971	36,012474
3,629627	-75,35891	57,595108	3,731778	-74,758308	58,360718	4,311619	-77,68692	56,850204	3,60656	-75,102287	57,694698	2,093811	-100,433182	35,761932
3,625828	-75,361526	57,605705	3,737229	-74,72934	58,397758	4,286146	-77,767303	56,80373	3,610334	-74,961517	57,857983	2,097804	-100,470695	35,543751
3,624328	-75,353554	57,617451	3,751938	-74,714485	58,435005	4,277529	-77,871887	56,748196	3,611252	-74,835556	58,013901	2,107849	-100,502357	35,358681
3,621397	-75,355843	57,631199	3,767847	-74,693199	58,471924	4,249904	-77,952492	56,68544	3,615467	-74,705696	58,16309	2,110995	-100,52478	35,207546
3,619829	-75,345558	57,645939	3,781165	-74,67881	58,506786	4,234123	-78,053986	56,617271	3,615066	-74,592056	58,303867	2,120121	-100,541214	35,089733
3,616986	-75,344185	57,662052	3,792348	-74,657051	58,54023	4,208107	-78,13636	56,545654	3,618131	-74,475449	58,436695	2,123317	-100,548378	35,005165
3,615567	-75,331909	57,678665	3,80273	-74,648361	58,571808	4,217088	-78,259247	56,467499	3,61762	-74,377419	58,559265	2,13137	-100,55072	34,951454
3,613183	-75,328033	57,696053	3,822626	-74,637405	58,601097	4,212485	-78,369621	56,381027	3,620939	-74,276688	58,673328	2,133602	-100,543777	34,928707
3,611964	-75,31472	57,71347	3,839108	-74,64003	58,62608	4,209647	-78,493591	56,288006	3,618101	-74,192665	58,77705	2,139787	-100,533287	34,932896
3,610608	-75,313148	57,73185	3,858154	-74,633919	58,647434	4,204493	-78,613335	56,187763	3,620854	-74,10862	58,871525	2,142156	-100,513687	34,964222
3,609264	-75,298538	57,750492	3,869889	-74,640701	58,663929	4,197779	-78,747131	56,080132	3,621331	-74,04998	58,954243	2,149524	-100,491364	35,018105
3,609062	-75,295776	57,769463	3,885996	-74,640251	58,677666	4,133381	-78,933731	55,956795	3,624415	-73,985321	59,027069	2,151179	-100,462143	35,093262
3,60809	-75,280609	57,7882	3,895885	-74,652245	58,687092	4,067171	-79,13755	55,815754	3,620078	-73,933701	59,089756	2,157197	-100,431572	35,185253
3,608582	-75,27713	57,806728	3,910632	-74,656799	58,693455	4,001416	-79,340103	55,657768	3,622724	-73,885132	59,143761	2,159255	-100,394569	35,293217
3,607853	-75,262474	57,824608	3,920672	-74,672897	58,69556	3,951865	-79,555069	55,485889	3,619127	-73,855484	59,187115	2,16638	-100,357216	35,412479
3,609634	-75,262062	57,842693	3,932399	-74,682381	58,694454	3,90353	-79,766136	55,301167	3,623744	-73,825745	59,22226	2,168453	-100,315353	35,541626
3,608896	-75,247467	57,860382	3,938504	-74,703224	58,690018	3,866705	-79,986328	55,106052	3,620945	-73,810112	59,248234	2,174832	-100,275124	35,675846
3,611349	-75,246681	57,87775	3,94813	-74,716759	58,683647	3,836853	-80,194984	54,903023	3,625131	-73,795677	59,266354	2,176415	-100,231422	35,8144
3,610816	-75,232925	57,894302	3,954373	-74,739021	58,674202	3,838538	-80,432144	54,689091	3,622508	-73,794167	59,275871	2,183934	-100,189766	35,953423
3,613466	-75,231316	57,91024	3,962118	-74,752769	58,663326	3,835916	-80,656181	54,466846	3,629378	-73,795868	59,279293	2,185047	-100,146706	36,091343
3,612978	-75,218964	57,925125	3,972947	-74,77578	58,650146	3,847036	-80,886421	54,237061	3,628462	-73,810577	59,275265	2,191713	-100,10704	36,225033
3,615865	-75,22184	57,939819	3,982985	-74,795372	58,636684	3,854213	-81,11161	54,00174	3,634944	-73,823555	59,265236	2,192216	-100,067101	36,353416
3,61498	-75,210693	57,953556	3,992044	-74,824402	58,621014	3,869138	-81,342209	53,762165	3,634251	-73,851891	59,24926	2,198763	-100,031044	36,474247
3,61691	-75,214722	57,966434	3,998187	-74,842667	58,604713	3,885432	-81,565689	53,520218	3,642025	-73,877769	59,228378	2,19891	-99,99601	36,586391
3,61569	-75,206085	57,977623	4,005224	-74,86805	58,587006	3,962462	-81,866043	53,258873	3,640306	-73,915932	59,201809	2,204815	-99,966011	36,688126
3,623165	-75,216553	57,987278	4,009917	-74,884254	58,569614	4,0401	-82,167274	52,976456	3,648189	-73,950066	59,17107	2,204683	-99,936874	36,779594
3,624186	-75,210205	57,994526	4,017995	-74,912254	58,552223	4,117492	-82,477242	52,676281	3,646478	-73,998993	59,136082	2,209497	-99,913559	36,858913
3,66551	-75,235107	58,001003	4,023271	-74,931046	58,535473	4,183371	-82,781441	52,360565	3,655129	-74,04055	59,098213	2,208976	-99,891533	36,926861
3,673517	-75,232277	58,004562	4,026829	-74,959297	58,517906	4,245165	-83,096207	52,02977	3,652302	-74,093292	59,056866	2,213532	-99,87529	36,982292
3,709816	-75,251091	58,006657	4,030378	-74,976601	58,500931	4,300644	-83,397743	51,690048	3,65957	-74,138138	59,01355	2,212652	-99,860817	37,02597
3,719916	-75,259766	58,005337	4,033885	-75,009155	58,483711	4,352465	-83,716866	51,337833	3,657057	-74,197815	58,968143	2,216811	-99,851791	37,057587
3,72402	-75,263741	58,003689	4,036537	-75,028831	58,46714	4,402256	-84,021248	50,980141	3,665725	-74,247002	58,921951	2,215357	-99,843971	37,078362
3,767308	-75,312675	57,997429	4,035244	-75,057816	58,44968	4,511344	-84,387993	50,601501	3,662656	-74,304939	58,874439	2,218996	-99,84169	37,087891
3,774521	-75,325752	57,986588	4,035908	-75,075508	58,433201	4,508646	-84,641571	50,24456	3,669371	-74,352654	58,827091	2,217017	-99,840279	37,08783
3,806615	-75,386154	57,969933	4,035093	-75,102287	58,416187	4,502454	-84,908852	49,89539	3,666931	-74,411781	58,780075	2,220524	-99,843842	37,078114
3,812533	-75,406921	57,94949	4,037216	-75,121735	58,400894	4,393742	-85,19619	49,549194	3,675007	-74,459846	58,734539	2,218488	-99,847649	37,060604
3,836268	-75,470848	57,922657	4,033995	-75,1455	58,385704	4,331442	-85,536774	49,191338	3,671914	-74,514908	58,689617	2,222061	-99,855553	37,035622
3,840349	-75,498642	57,892529	4,035062	-75,161324	58,372337	4,072907	-85,960754	48,791405	3,679777	-74,557594	58,646938	2,219219	-99,863602	37,004414
3,857327	-75,564568	57,856178	4,034849	-75,182426	58,359337	3,938045	-86,286072	48,386654	3,687554	-74,620529	58,605499	2,222176	-99,875046	36,967812
3,859695	-75,599007	57,817364	4,035543	-75,194572	58,348053	3,943912	-86,618629	47,979588	3,706845	-74,672966	58,565052	2,219302	-99,885857	36,927174
3,869712	-75,672821	57,773197	4,041864	-75,21563	58,337856	3,992327	-86,915237	47,600365	3,714606	-74,732338	58,524502	2,222013	-99,899643	36,883068
3,872808	-75,71331	57,728001	4,043369	-75,226646	58,329849	4,015883	-87,174675	47,249256	3,73041	-74,778961	58,485104	2,219185	-99,911713	36,837215
3,876867	-75,78643	57,677933	4,051611	-75,241608	58,322769	4,057512	-87,405365	46,931896	3,748124	-74,846054	58,445881	2,221411	-99,926231	36,789757
3,88099	-75,832413	57,627476	4,054417	-75,249252	58,317448	4,029263	-87,674828	46,61697	3,774986	-74,900948	58,406906	2,217724	-99,938858	36,742161
3,87947	-75,912033	57,571476	4,061695	-75,26162	58,312782	4,012225	-87,946671	46,307087	3,790545	-74,964317	58,367023	2,219379	-99,953743	36,694454
3,883239	-75,962296	57,515446	4,063759	-75,266769	58,310745	3,977078	-88,213409	45,998196	3,812823	-75,014908	58,327457	2,21543	-99,965843	36,648384
3,878031	-76,044746	57,455227	4,062543	-75,280411	58,30917	3,949782	-88,483971	45,688461	3,825771	-75,076508	58,287884	2,217935	-99,979126	36,604076
3,883523	-76,098663	57,396435	4,059534	-75,286194	58,30946	3,913424	-88,743828	45,378742	3,846141	-75,123131	58,249729	2,21382	-99,989944	36,562302
3,87657	-76,178505	57,333881	4,056188	-75,297112	58,309361	3,934824	-89,060623	45,042625	3,855531	-75,17823	58,211853	2,215176	-100,002289	36,522942
3,882066	-76,233536	57,273464	4,054038	-75,301125	58,311218	3,863147	-89,504318	44,629986	3,871418	-75,221283	58,175537	2,210756	-100,011368	36,487228
3,873192	-76,310059	57,209995	4,051898	-75,315132	58,312984	3,882278	-90,090126	44,102131	3,878256	-75,275055	58,14016	2,213241	-100,021034	36,455185
3,878945	-76,365379	57,149323	4,050415	-75,315598	58,315811	3,845834	-90,729767	43,47522	3,894512	-75,312599	58,10754	2,209677	-100,027824	36,427174
3,86879	-76,440712	57,087101	4,04953	-75,32399	58,31881	4,024201	-91,598129	42,672356	3,896541	-75,360275	58,075649	2,210803	-100,036133	36,402477
3,876118	-76,495003	57,028976	4,04861	-75,32309	58,322941	4,336339	-92,74353	41,621407	3,90298	-75,395576	58,046055	2,206703	-100,040642	36,382431
3,864959	-76,562569	56,970108	4,050113	-75,329323	58,32761	4,724238	-94,26403	40,258976	3,901656	-75,441864	58,017517	2,209738	-100,045364	36,366776
3,872728	-76,614494	56,915562	4,049422	-75,330338	58,333878	5,107966	-96,323006	38,45409	3,911157	-75,472961	57,991993	2,205927	-100,047409	36,355179
3,861483	-76,676659	56,860527	4,052618	-75,335426	58,339443	5,624469	-98,54187	36,335377	3,907653	-75,511963	57,967426	2,206963	-100,051239	36,346684
3,869602	-76,72541	56,809917	4,051508	-75,333565	58,346348	6,17258	-100,724533	33,993225	3,91552	-75,535744	57,945972	2,203459	-100,051102	36,342709
3,858132	-76,780937	56,759281	4,058949	-75,335815	58,352993	6,75607	-102,561005	31,601191	3,914987	-75,57148	57,926258	2,2066	-100,051727	36,342243
3,868327	-76,826637	56,71447	4,061533	-75,331123	58,361736	7,245651	-103,82177	29,40192	3,919049	-75,5923	57,909958	2,203597	-100,049713	36,345188
3,866507	-76,91626	56,632439	4,069188	-75,331985	58,37109	7,438643	-104,522087	27,590267	3,91537	-75,621857	57,894688	2,205524	-100,049248	36,350658
3,854985	-76,958244	56,595287	4,070265	-75,324478	58,381775	7,249439	-104,932617	26,226656	3,918609	-75,635078	57,882732	2,202432	-100,045776	36,359127
3,865726	-76,993477	56,563194	4,073411	-75,322662	58,392593	7,002665	-105,24733	25,08688	3,914903	-75,658966	57,872837	2,206175	-100,043373	36,369926
3,860541	-77,033508	56,531143	4,073382	-75,312164	58,404743	6,696125	-105,368568	24,303772	3,92209	-75,668991	57,866661	2,20388	-100,038414	36,383053
3,881378	-77,075035	56,503368	4,081173	-75,309151	58,418072	6,298972	-105,254669	23,998564	3,919722	-75,688362	57,861588	2,205878	-100,035637	36,397087
3,895271	-77,133736	56,470978	4,081048	-75,301788	58,431702	5,951036	-105,117622	23,979639	3,925981	-75,691483	57,859772	2,202298	-100,029991	36,412796
3,907011	-77,170563	56,440971	4,087632	-75,299965	58,445164	5,676657	-104,952011	24,207546	3,921868	-75,706345	57,859676	2,20547	-100,025955	36,429291
3,924913	-77,245285	56,403214	4,085425	-75,290489	58,458691	5,448115	-104,79705	24,626783	3,927288	-75,708908	57,862606	2,202951	-100,019669	36,446682
3,935292	-77,285744	56,366451	4,0942	-75,289764	58,47142	5,240556	-104,607552	25,239481	3,91979	-75,723251	57,865559	2,204973	-100,016319	36,463333
3,947927	-77,359604	56,322357	4,092214	-75,284866	58,484379	5,024015	-104,449463	25,975639	3,918467	-75,727753	57,870159	2,20204	-100,010139	36,480579
3,958815	-77,404526	56,280342	4,086312	-75,295151	58,494816	4,761991	-104,257706	26,851723	3,906755	-75,74511	57,872513	2,205293	-100,006271	36,497074
3,96986	-77,483612	56,231056	4,07682	-75,299316	58,503258	4,45907	-104,096024	27,799664	3,905528	-75,752808	57,876568	2,203277	-100,000221	36,513432
3,980202	-77,53244	56,183167	4,069776	-75,311951	58,507839	4,111422	-103,890335	28,837139	3,8916	-75,772461	57,878178	2,205686	-99,997482	36,527946
3,986906	-77,611458	56,128349	4,07045	-75,331566	58,510212	3,742803	-103,675194	29,919279	3,891532	-75,776939	57,880817			
3,9969	-77,664009	56,075058	4,07982	-75,366173	58,506779	3,351141	-103,427368	31,039322	3,88016	-75,792999	57,881405			
4,002357	-77,743988	56,015247	4,088467	-75,394943	58,498371	2,926535	-103,185944	32,153011	3,881056	-75,80056	57,883438			
4,01332	-77,800003	55,958382	4,099441	-75,428246	58,484661	2,499151	-102,93058	33,254177	3,869668	-75,822128	57,882774			
4,017437	-77,88266	55,895893	4,103057	-75,464668	58,466305	2,065814	-102,683464	34,310398	3,872129	-75,828201	57,882828			
4,029184	-78,021011	55,771408	4,108077	-75,513252	58,441982	1,669758	-102,422157	35,324074	3,860979	-75,849281	57,880009			
4,039357	-78,079605	55,709549	4,112185	-75,558449	58,413456	1,32006	-102,156982	36,278465	3,864011	-75,858688	57,878212			
4,039679	-78,159142	55,642967	4,121184	-75,612473	58,379272	1,098329	-101,833733	37,205727	3,853081	-75,880737	57,874142			
4,05098	-78,218735	55,580807	4,126734	-75,663055	58,34127	1,030176	-101,443443	38,106682	3,85602	-75,887901	57,871117			
4,052904	-78,3004	55,514378	4,138173	-75,723602	58,298161	1,03098	-101,054642	38,921139	3,84633	-75,907249	57,866112			
4,06304	-78,358803	55,45216	4,146827	-75,77977	58,252445	0,989745	-100,769028	39,587208	3,852587	-75,915176	57,863178			
4,063454	-78,43911	55,385612	4,157418	-75,84948	58,202511	0,981549	-100,499115	40,140251	3,844524	-75,938499	57,858093			
4,073246	-78,496979	55,323254	4,164707	-75,911018	58,149773	0,922144	-100,328041	40,532825	3,848852	-75,947701	57,853828			
4,071459	-78,573509	55,257118	4,166804	-75,981346	58,093544	0,906602	-100,172539	40,807037	3,841827	-75,967834	57,847507			
4,082356	-78,630783	55,196625	4,167342	-76,045235	58,035442	0,898097	-100,047737	40,963642	3,849585	-75,975945	57,843094			
4,080637	-78,705917	55,133102	4,173021	-76,12101	57,975121	0,91924	-99,939941	41,024254	3,841655	-75,996819	57,837334			
4,095263	-78,768074	55,072723	4,177675	-76,187981	57,913647	0,977674	-99,828957	41,01012	3,847226	-76,006561	57,832714			
4,091299	-78,868721	55,002617	4,180062	-76,266304	57,849937	1,062096	-99,732651	40,92963	3,847645	-76,032593	57,825333			
4,101746	-78,936058	54,934692	4,183933	-76,33223	57,785912	1,135418	-99,681854	40,774693	3,86899	-76,059807	57,817364			
4,102338	-79,036461	54,858383	4,190083	-76,408981	57,721405	1,222661	-99,655838	40,56205	3,884797	-76,10347	57,803448			
4,115193	-79,110123	54,785461	4,195199	-76,476295	57,65786	1,294049	-99,666748	40,289413	3,902864	-76,131866	57,787457			
4,113016	-79,211708	54,705406	4,202347	-76,552475	57,593529	1,369462	-99,697655	39,973927	3,916487	-76,173424	57,766476			
4,125262	-79,28656	54,628891	4,206079	-76,616714	57,530655	1,435626	-99,752991	39,617115	3,931231	-76,20327	57,744194			
4,119419	-79,385185	54,546329	4,209737	-76,68457	57,468517	1,504859	-99,820137	39,232929	3,941144	-76,250366	57,717999			
4,131537	-79,461311	54,467278	4,211594	-76,742989	57,409985	1,563277	-99,902184	38,825432	3,955547	-76,286217	57,690876			
4,122607	-79,555153	54,383865	4,221721	-76,809326	57,353149	1,627491	-99,990356	38,405819	3,964706	-76,335747	57,659382			
4,122624	-79,722107	54,22234	4,228812	-76,862091	57,29953	1,682064	-100,084679	37,979183	3,978166	-76,372864	57,627407			
4,136026	-79,796555	54,145653	4,239992	-76,923676	57,24757	1,737156	-100,179146	37,555264	3,98482	-76,427658	57,592091			
4,122681	-79,879158	54,06802	4,245595	-76,970467	57,198872	1,785543	-100,271797	37,139851	3,998049	-76,470398	57,556484			
4,137629	-79,953209	53,994286	4,257361	-77,025276	57,153152	1,835458	-100,35775	36,741714	4,003241	-76,52845	57,516769			
4,122173	-80,033783	53,919323	4,263598	-77,06636	57,111691				4,015025	-76,571152	57,477249			
4,137236	-80,104614	53,847939	4,272298	-77,112106	57,073128				4,018443	-76,632408	57,434826			
4,118778	-80,183914	53,775677	4,275771	-77,144279	57,039101				4,030763	-76,678055	57,393135			
4,135891	-80,254028	53,707119	4,287251	-77,184532	57,007687				4,033567	-76,736343	57,348907			
4,117687	-80,327385	53,637901	4,286646	-77,216393	56,979828				4,043275	-76,782486	57,305649			
4,135165	-80,394989	53,571774	4,293986	-77,256081	56,953815				4,044452	-76,846703	57,259865			
4,11719	-80,463303	53,505451	4,29695	-77,279411	56,931561				4,055059	-76,893188	57,215786			
4,134999	-80,528603	53,441639	4,301323	-77,309029	56,911449				4,055776	-76,950706	57,170135			
4,111656	-80,599289	53,377266	4,30134	-77,325111	56,895355				4,065997	-76,994736	57,126743			
4,131451	-80,665077	53,315617	4,309618	-77,349556	56,882267				4,06571	-77,053246	57,08255			
4,109444	-80,731232	53,25338	4,30764	-77,363419	56,872456				4,07682	-77,096611	57,041107			
4,129463	-80,79641	53,192272	4,315157	-77,383514	56,864407				4,078222	-77,151131	56,998695			
4,106799	-80,863121	53,12952	4,311032	-77,390381	56,859394				4,087645	-77,190643	56,959606			
4,13773	-80,941872	53,064285	4,318712	-77,405235	56,855938				4,083778	-77,240112	56,919849			
4,11534	-81,010109	52,997543	4,315949	-77,409843	56,855728				4,093692	-77,279793	56,88345			
4,147583	-81,09166	52,928951	4,318509	-77,427536	56,855732				4,093977	-77,329338	56,846478			
4,12206	-81,16494	52,85759	4,314235	-77,426964	56,858265				4,103321	-77,364761	56,812828			
4,123959	-81,283264	52,77565	4,318866	-77,440193	56,861153				4,100193	-77,410225	56,778419			
4,101863	-81,369179	52,689732	4,31592	-77,437218	56,867062				4,109112	-77,442024	56,748188			
4,099491	-81,522377	52,586559	4,318789	-77,445366	56,873657				4,107337	-77,482498	56,718357			
4,079016	-81,62001	52,481419	4,287076	-77,476105	56,875652				4,094459	-77,537056	56,688091			
4,076096	-81,789818	52,358467	4,238685	-77,54763	56,863205				4,047845	-77,63356	56,644897			
4,056192	-81,899902	52,233631	4,200079	-77,598061	56,842148				4,025962	-77,70916	56,596882			
4,054959	-82,075523	52,092262	4,109089	-77,729698	56,799946				3,967338	-77,831261	56,533394			
4,034101	-82,198517	51,949047	4,062223	-77,807571	56,746025				3,946126	-77,919861	56,464283			
4,03171	-82,392479	51,787697	4,023736	-77,948311	56,677143				3,879217	-78,055832	56,381927			
4,009483	-82,528664	51,625904	4,001474	-78,03067	56,599323				3,861074	-78,150375	56,295837			
4,007999	-82,735039	51,446678	3,928926	-78,173592	56,50819				3,813603	-78,284729	56,200333			
3,986398	-82,880684	51,268234	3,907964	-78,273308	56,411255				3,801659	-78,389244	56,102806			
3,985889	-83,089706	51,074181	3,874693	-78,401924	56,305359				3,757267	-78,532211	55,995327			
3,965218	-83,242096	50,882156	3,816361	-78,556496	56,188896				3,748913	-78,64119	55,887329			
3,965609	-83,451401	50,676426	3,699836	-78,784714	56,046448				3,72319	-78,776566	55,772453			
3,944479	-83,60952	50,474846	3,633235	-78,971901	55,891018				3,678815	-78,932396	55,650078			
3,936244	-83,866653	50,248734	3,539424	-79,215286	55,712132				3,558415	-79,166794	55,503502			
3,969517	-84,069641	50,017887	3,493562	-79,407303	55,524708				3,501225	-79,338814	55,346863			
3,955241	-84,305191	49,773594	3,455145	-79,622437	55,325287				3,46699	-79,544243	55,180904			
3,99344	-84,534309	49,51812	3,456003	-79,831451	55,119183				3,455121	-79,708038	55,010208			
3,985192	-84,778351	49,250988	3,476528	-80,032333	54,906654				3,376912	-79,952972	54,821087			
4,022021	-85,009392	48,976055	3,495488	-80,222595	54,694328				3,35926	-80,122742	54,630936			
4,017676	-85,261292	48,690578	3,523861	-80,416908	54,479675				3,293494	-80,363045	54,425831			
4,058654	-85,498718	48,399944	3,537519	-80,608658	54,266609				3,291314	-80,532547	54,224117			
4,056119	-85,749947	48,101234	3,55992	-80,801682	54,053669				3,283289	-80,752411	54,013779			
4,096028	-85,984375	47,804531	3,570377	-80,983879	53,84462				3,317019	-80,92939	53,807255			
4,092003	-86,222023	47,509884	3,587536	-81,174065	53,63615				3,341584	-81,120621	53,600868			
4,106775	-86,485725	47,204384	3,597507	-81,349495	53,433968				3,375602	-81,287766	53,40202			
4,073472	-86,798615	46,880104	3,619112	-81,547806	53,229832				3,40186	-81,458977	53,20705			
3,958957	-87,198997	46,503723	3,648655	-81,722443	53,031078				3,430552	-81,608536	53,022335			
3,810104	-87,557106	46,110714	3,679738	-81,900322	52,834633				3,460469	-81,766151	52,843567			
3,721071	-87,90937	45,697285	3,712594	-82,055199	52,647655				3,485038	-81,900658	52,677078			
3,719521	-88,288628	45,007767	3,744377	-82,211205	52,467373				3,504427	-82,04789	52,515419			
3,809207	-88,504768	44,690735	3,771163	-82,351974	52,298035				3,524934	-82,164024	52,36718			
3,812629	-88,679192	44,401138	3,794631	-82,482704	52,138504				3,551396	-82,313461	52,220032			
3,832055	-88,824356	44,147877	3,816866	-82,604073	51,990467				3,586443	-82,435326	52,081795			
3,831708	-89,056587	43,873997	3,843258	-82,716797	51,8522				3,589673	-82,597038	51,93684			
3,851311	-89,218834	43,63068	3,849957	-82,83403	51,72266				3,616484	-82,709435	51,802071			
3,894047	-89,461761	43,357304	3,914725	-82,991623	51,586479				3,636426	-82,82869	51,672379			
3,924618	-89,658165	43,099953	3,984239	-83,148827	51,445618				3,666942	-82,926247	51,55405			
3,969491	-89,908798	42,812092	4,058546	-83,304718	51,297928				3,682135	-83,025726	51,442497			
3,992881	-90,118362	42,534771	4,115295	-83,463516	51,145741				3,705428	-83,107773	51,342323			
4,057682	-90,407333	42,208641	4,18007	-83,621109	50,987865				3,713906	-83,188141	51,249863			
4,143229	-90,710922	41,856693	4,227771	-83,774399	50,826874				3,732144	-83,255028	51,169918			
4,193902	-90,983978	41,488441	4,279137	-83,929436	50,661182				3,760905	-83,3293	51,095242			
4,281764	-91,26059	41,110565	4,31601	-84,078468	50,4939				3,827008	-83,433823	51,016331			
4,249934	-91,643471	40,665005	4,340086	-84,250877	50,31768				3,897715	-83,537079	50,931595			
4,366315	-92,178955	40,116589	4,37009	-84,399849	50,143417				3,963497	-83,647301	50,841656			
4,43444	-92,697998	39,515831	4,395661	-84,559532	49,96455				4,017706	-83,75985	50,743572			
4,506611	-93,215828	38,88364	4,472581	-84,744789	49,780582				4,072059	-83,872192	50,6399			
4,633374	-93,764679	38,191235	4,467757	-84,881859	49,607117				4,119936	-83,981102	50,530296			
4,729806	-94,480003	37,359074	4,474463	-85,002975	49,44873				4,166914	-84,099747	50,414822			
4,776808	-95,257591	36,409447	4,464248	-85,094048	49,309978				4,205418	-84,220825	50,291752			
4,90103	-96,266182	35,242378	4,46734	-85,188904	49,186844				4,245023	-84,343124	50,163494			
5,067093	-97,485863	33,857365	4,461795	-85,265541	49,078621				4,282758	-84,465508	50,028923			
5,365323	-98,683739	32,353249	4,463206	-85,340843	48,986229				4,317458	-84,594307	49,889839			
5,73814	-99,843277	30,777802	4,460178	-85,395042	48,909134				4,346371	-84,721596	49,745678			
6,146488	-100,896393	29,210627	4,467762	-85,437271	48,851162				4,416147	-84,881599	49,590683			
6,64271	-101,716721	27,766417	4,505514	-85,465477	48,80925				4,480527	-85,02668	49,43766			
7,183436	-102,362785	26,479477	4,507407	-85,482399	48,785152				4,494966	-85,131218	49,300388			
7,619616	-102,941902	25,338575	4,55079	-85,526367	48,759022				4,509852	-85,213715	49,17857			
8,07034	-103,297058	24,453051	4,554092	-85,530144	48,751476				4,510679	-85,289665	49,071854			
8,346855	-103,439987	23,906929	4,585325	-85,54734	48,745907				4,537608	-85,386398	48,966633			
8,53323	-103,531494	23,579462	4,587164	-85,541237	48,754837				4,536862	-85,447647	48,878746			
8,632848	-103,472176	23,513811	4,615401	-85,538544	48,767929				4,54922	-85,520805	48,797581			
8,639581	-103,330536	23,674692	4,61448	-85,525253	48,791416				4,550544	-85,562958	48,734104			
8,592355	-103,149452	24,008064	4,627882	-85,515656	48,81778				4,557611	-85,622955	48,674927			
8,508113	-102,969559	24,464741	4,626264	-85,494652	48,852287				4,561271	-85,655121	48,632317			
8,390705	-102,786194	25,028793	4,629737	-85,47641	48,887707				4,565234	-85,684402	48,600822			
8,232958	-102,611771	25,679134	4,629467	-85,451271	48,929749				4,5724	-85,699608	48,583572			
8,035897	-102,426506	26,412271	4,634677	-85,427185	48,972706				4,578565	-85,706909	48,577648			
7,799016	-102,242775	27,209284	4,633155	-85,397552	49,020622				4,58625	-85,708817	48,584385			
7,530265	-102,040131	28,066811	4,644109	-85,370224	49,066811				4,577231	-85,699142	48,603325			
7,231708	-101,832527	28,965361	4,645875	-85,339096	49,116383				4,582744	-85,683533	48,633308			
6,899197	-101,613853	29,895042	4,655273	-85,317276	49,161339				4,605629	-85,678162	48,657166			
6,538292	-101,394592	30,838633	4,650755	-85,289536	49,208023				4,609222	-85,656303	48,692032			
6,136188	-101,176163	31,783747	4,662893	-85,271111	49,247581				4,640375	-85,661728	48,720169			
5,698756	-100,967667	32,715473	4,657497	-85,246422	49,288586				4,620708	-85,651917	48,75214			
5,218188	-100,766678	33,624054	4,667223	-85,226456	49,323654				4,549411	-85,732399	48,748871			
4,70154	-100,583725	34,494946	4,65809	-85,21022	49,357967				4,479227	-85,793922	48,730946			
4,140856	-100,41851	35,31855	4,6648	-85,201881	49,384468				4,319121	-85,96566	48,66045			
3,543475	-100,282158	36,081661	4,65809	-85,189445	49,410133				4,120265	-86,097374	48,552311			
2,901722	-100,177254	36,77446	4,643365	-85,1903	49,426628				3,985366	-86,27282	48,387375			
2,225027	-100,112396	37,386417	4,637097	-85,18338	49,441914				4,021975	-86,475357	48,197845			
1,513658	-100,085388	37,910831	4,600458	-85,19413	49,448742				4,063585	-86,648643	48,004826			
0,78758	-100,101143	38,339645	4,597209	-85,191841	49,455997				4,079537	-86,767723	47,826515			
0,064141	-100,152946	38,670013	4,568935	-85,198891	49,458076				4,061494	-86,896355	47,653542			
-0,621229	-100,235947	38,901535	4,515096	-85,257278	49,439758				4,07517	-86,987198	47,503891			
-1,231772	-100,336861	39,040543	4,487329	-85,393082	49,378979				4,218024	-87,176781	47,326717			
-1,72224	-100,439735	39,101299	4,265066	-85,58403	49,270458				4,240603	-87,276871	47,17001			
-2,042068	-100,507568	39,122063	4,11812	-85,733528	49,120865				4,212544	-87,371956	47,024864			
-2,112434	-100,463272	39,196293	3,971399	-85,905182	48,93734				4,218804	-87,441467	46,903564			
-2,080156	-100,444794	39,21349	3,91163	-86,072365	48,725243				4,334417	-87,580643	46,766525			
-1,90918	-100,317085	39,24781	3,934237	-86,274673	48,492092				4,309507	-87,690079	46,632854			
-1,810423	-100,340729	39,163254	3,939456	-86,548172	48,226303				4,241632	-87,796051	46,499264			
-1,442469	-100,181297	38,98946	3,94703	-86,700554	47,993675				4,211789	-87,921669	46,36224			
-1,326411	-100,121552	38,851147	3,950063	-86,864738	47,769939				4,16809	-88,037056	46,222054			
-1,245182	-100,194542	38,377266	3,961061	-86,992455	47,570663				4,153943	-88,164215	46,078953			
-1,223917	-100,279182	38,058384	3,991848	-87,116592	47,389179				4,139812	-88,265526	45,940231			
-1,193126	-100,366951	37,698288	3,999596	-87,224121	47,229607				4,116545	-88,372513	45,802826			
-1,113301	-100,413765	37,332348	4,025626	-87,326988	47,086128				4,116024	-88,512756	45,649792			
-1,022184	-100,433701	36,967999	4,031688	-87,409981	46,964054				4,144896	-88,677544	45,478832			
-0,908122	-100,432297	36,616104	4,03691	-87,51284	46,845798				4,16537	-88,833115	45,295544			
-0,788704	-100,416374	36,281261	4,044805	-87,573952	46,752689				4,217886	-89,052032	45,076118			
-0,672298	-100,410652	35,957726	4,046381	-87,655029	46,66412				4,314459	-89,347992	44,795937			
-0,453488	-100,412422	35,357136	4,05241	-87,692215	46,600788				4,441691	-89,702057	44,454384			
-0,352611	-100,416603	35,084759	4,051671	-87,741226	46,545776				4,56909	-90,317032	43,954712			
-0,25251	-100,42141	34,834351	4,053686	-87,759804	46,513809				4,665616	-90,908783	43,361576			
-0,164307	-100,423698	34,607597	4,07195	-87,773376	46,49757				4,870571	-91,564217	42,663235			
-0,077027	-100,425491	34,405472	4,071758	-87,77182	46,499687				5,096714	-92,361931	41,813572			
-0,000574	-100,424072	34,228867	4,098036	-87,761032	46,517952				5,298482	-93,404366	40,766933			
0,078489	-100,422768	34,077534	4,092289	-87,743752	46,549591				5,625058	-94,800056	39,423428			
0,148724	-100,417442	33,952671	4,127004	-87,720436	46,593376				5,964405	-96,590904	37,736732			
0,221512	-100,408875	33,854511	4,123829	-87,688896	46,649582				6,307995	-98,613365	35,754807			
0,285688	-100,395126	33,782425	4,154699	-87,650978	46,717194				6,817999	-100,511314	33,626484			
0,352277	-100,378609	33,735298	4,14277	-87,609978	46,792145				7,39383	-102,074097	31,515947			
0,410066	-100,357391	33,712067	4,189323	-87,571617	46,869774				7,649179	-103,378403	29,499491			
0,471241	-100,335709	33,710396	4,174291	-87,527618	46,951031				7,596556	-104,167671	27,842274			
0,523842	-100,309837	33,730011	4,197498	-87,479958	47,03455				7,486703	-104,558495	26,600912			
0,579174	-100,280991	33,769634	4,170591	-87,436737	47,11713				7,245559	-104,8563	25,600842			
0,626239	-100,247543	33,827488	4,172277	-87,397606	47,193638				6,920641	-104,992622	24,966436			
0,676067	-100,212311	33,901287	4,151029	-87,355217	47,270809				6,600604	-105,01545	24,669497			
0,71774	-100,173523	33,989178	4,106128	-87,37159	47,317657				6,290886	-104,937927	24,67301			
0,763146	-100,135895	34,087929	4,06191	-87,382599	47,349648				6,059699	-104,851517	24,89233			
0,800716	-100,095734	34,196793	4,064778	-87,431374	47,354614				5,827396	-104,724564	25,330153			
0,841682	-100,054626	34,313961	4,010627	-87,461929	47,342552				5,60785	-104,575218	25,941389			
0,875319	-100,011017	34,437473	4,024287	-87,590157	47,282471				5,362283	-104,406174	26,698605			
0,912405	-99,967987	34,564896	3,998301	-87,724411	47,179367				5,08311	-104,208626	27,581743			
0,942167	-99,923775	34,694485	4,016829	-87,923073	47,024139				4,740567	-103,976105	28,572197			
0,976157	-99,883293	34,823143	3,995052	-88,132355	46,817802				4,356296	-103,721809	29,640566			
1,003049	-99,842712	34,950531	3,954993	-88,519226	46,500473				3,939579	-103,466225	30,751095			
1,033956	-99,803703	35,075256	3,943555	-89,050468	46,045063				3,493561	-103,208954	31,878866			
1,058268	-99,76461	35,195988	3,9296	-89,671913	45,458893				3,029518	-102,949257	33,000523			
1,086543	-99,72847	35,31097	4,026728	-90,41124	44,723274				2,564642	-102,691399	34,094105			
1,10804	-99,693329	35,419285	4,182987	-91,275818	43,822746				2,105563	-102,434639	35,141918			
1,134081	-99,664047	35,518646	4,368917	-92,425331	42,674419				1,677001	-102,182457	36,13039			
1,153459	-99,636459	35,609646	4,639797	-93,935394	41,224777				1,296324	-101,927299	37,053734			
1,177226	-99,612106	35,691826	4,883878	-96,093262	39,321644				1,007752	-101,651726	37,920086			
1,194773	-99,58905	35,764847	5,272707	-98,405617	37,106659				0,890501	-101,295006	38,769001			
1,216563	-99,570129	35,827961	5,742767	-100,625618	34,690964				0,898643	-100,894234	39,566082			
1,231824	-99,55304	35,881252	6,219759	-102,537537	32,224525				0,911517	-100,546349	40,247478			
1,251148	-99,540161	35,92445	6,6274	-103,850807	29,976137				0,896748	-100,285019	40,790257			
1,264484	-99,531334	35,956894	6,785423	-104,597977	28,124077				0,845077	-100,102188	41,184956			
1,282287	-99,526649	35,979782	6,66949	-104,985031	26,749821				0,800524	-99,982941	41,43671			
1,293905	-99,522987	35,994015	6,533835	-105,256485	25,619915				0,762837	-99,900856	41,556957			
1,310361	-99,522629	35,999752	6,278867	-105,419601	24,797106				0,751879	-99,852066	41,559742			
1,320657	-99,523331	35,997684	5,9665	-105,364334	24,423992				0,771199	-99,799812	41,474495			
1,335362	-99,527458	35,988079	5,613119	-105,190582	24,409777				0,831739	-99,743965	41,321308			
1,344265	-99,534531	35,970886	5,308508	-104,975746	24,664007				0,907384	-99,698875	41,107555			
1,357884	-99,544571	35,947731	5,049511	-104,773262	25,121494				1,002541	-99,672287	40,841309			
1,365445	-99,554359	35,919903	4,793434	-104,559288	25,764963				1,090539	-99,672676	40,526276			
1,378097	-99,566086	35,887871	4,522229	-104,357056	26,551405				1,174996	-99,70443	40,166725			
1,384713	-99,577423	35,852554	4,215781	-104,152397	27,458172				1,249436	-99,753586	39,775154			
1,396001	-99,590698	35,814365	3,90029	-103,928055	28,46706				1,319291	-99,819542	39,358513			
1,401613	-99,605377	35,773342	3,561708	-103,678673	29,553976				1,382927	-99,89077	38,929558			
1,412222	-99,621521	35,731098	3,209353	-103,41597	30,688028				1,442592	-99,9702	38,493156			
1,416939	-99,635979	35,688847	2,827924	-103,145279	31,841324				1,493204	-100,050377	38,059311			
1,42702	-99,65097	35,646935	2,42927	-102,875984	32,98584				1,543786	-100,131409	37,634094			
1,431201	-99,664268	35,606087	2,02184	-102,604248	34,103188				1,586792	-100,206802	37,226528			
1,44031	-99,67823	35,566505	1,627089	-102,336517	35,172798				1,62929	-100,278687	36,840015			
1,443865	-99,692398	35,527969	1,261969	-102,064354	36,186527				1,664416	-100,343185	36,480873			
1,45266	-99,706932	35,491795	0,972765	-101,772774	37,147022				1,70111	-100,403458	36,150269			
1,455714	-99,718849	35,458851	0,83801	-101,403786	38,090504				1,731449	-100,454338	35,853859			
1,467191	-99,739655	35,402992	0,829304	-100,989784	38,98278				1,763603	-100,499252	35,591141			
1,475149	-99,748878	35,380272	0,826343	-100,622215	39,758083				1,790084	-100,534409	35,365952			
1,477648	-99,757774	35,360386	0,807832	-100,334969	40,397682				1,820078	-100,56382	35,17609			
1,485559	-99,766617	35,344269	0,769068	-100,107521	40,896973				1,844809	-100,582825	35,024952			
1,495832	-99,778038	35,324429	0,733039	-99,944	41,251476				1,870478	-100,596069	34,90876			
1,498108	-99,781029	35,320351	0,703234	-99,820015	41,471195				1,891384	-100,600075	34,829147			
1,505604	-99,784019	35,319698	0,706497	-99,718964	41,576401				1,914735	-100,597687	34,78265			
1,507699	-99,786766	35,321583	0,731246	-99,630463	41,584415				1,934333	-100,586769	34,769531			
1,515304	-99,789604	35,326664	0,796827	-99,543579	41,516182				1,955038	-100,57093	34,785011			
1,517348	-99,789818	35,335152	0,876542	-99,474045	41,37722				1,970583	-100,547852	34,828796			
1,52517	-99,789841	35,346462	0,965563	-99,435715	41,171539				1,988951	-100,520363	34,896084			
1,527301	-99,787773	35,360409	1,049071	-99,430862	40,904255				2,003745	-100,486504	34,986271			
1,534696	-99,786087	35,376362	1,130156	-99,455345	40,583862				2,020569	-100,449577	35,094006			
1,536192	-99,782547	35,394272	1,197856	-99,504501	40,218708				2,032493	-100,408875	35,217587			
1,543441	-99,781616	35,412552	1,267796	-99,568741	39,820618				2,047277	-100,366074	35,352455			
1,545009	-99,779152	35,432232	1,326633	-99,646599	39,396904				2,058693	-100,319519	35,497841			
1,552439	-99,776749	35,453072	1,38656	-99,731567	38,957954				2,072671	-100,273087	35,647972			
1,561957	-99,769203	35,496864	1,435115	-99,824013	38,510139				2,082195	-100,225327	35,801937			
1,563598	-99,764534	35,519066	1,487282	-99,915581	38,064259				2,094177	-100,179054	35,954807			
1,57101	-99,762917	35,539967	1,526728	-100,007507	37,625713				2,102954	-100,131981	36,106621			
1,572698	-99,760246	35,560642	1,569294	-100,092987	37,203449				2,114008	-100,088043	36,25235			
1,580226	-99,758064	35,580948	1,601552	-100,174187	36,801731				2,121439	-100,044785	36,392433			
1,582318	-99,754494	35,600788	1,639073	-100,249336	36,42561				2,13249	-100,004997	36,522999			
1,58981	-99,752167	35,619591	1,666965	-100,318764	36,078465				2,138751	-99,967636	36,644173			
1,591424	-99,748825	35,637436	1,700152	-100,379486	35,764442				2,147348	-99,934784	36,752899			
1,59879	-99,748795	35,652992	1,724124	-100,432419	35,485012				2,152686	-99,904121	36,850601			
1,600402	-99,747948	35,667465	1,755198	-100,476089	35,242756				2,161398	-99,878334	36,934467			
1,607851	-99,74781	35,680855	1,779123	-100,513069	35,036888				2,166025	-99,855614	37,00613			
1,609811	-99,74646	35,693207	1,808493	-100,541122	34,869328				2,173028	-99,838158	37,063305			
1,618581	-99,745529	35,713776	1,827568	-100,561554	34,738327				2,176449	-99,823326	37,108501			
1,625757	-99,747925	35,721035	1,85373	-100,572182	34,645248				2,182827	-99,813683	37,139633			
1,627155	-99,749496	35,7272	1,870718	-100,575668	34,586624				2,185087	-99,806625	37,159462			
1,634408	-99,751747	35,732388	1,896266	-100,571388	34,562485				2,190018	-99,804504	37,166412			
1,636129	-99,752747	35,736748	1,911346	-100,56163	34,568581				2,191419	-99,804306	37,163715			
1,643242	-99,75499	35,739975	1,934697	-100,542938	34,60598				2,195716	-99,808365	37,149906			
1,644403	-99,756195	35,742386	1,947628	-100,520653	34,667889				2,195947	-99,814034	37,128223			
1,651337	-99,760536	35,742878	1,968642	-100,489929	34,755608				2,199625	-99,823036	37,097721			
1,652478	-99,763901	35,742821	1,98059	-100,45771	34,861626				2,198853	-99,833183	37,061424			
1,659508	-99,767784	35,742382	1,999677	-100,419281	34,986668				2,202216	-99,845772	37,018692			
1,660974	-99,770233	35,741745	2,009944	-100,37986	35,124317				2,201393	-99,858559	36,972668			
1,667857	-99,773735	35,740639	2,028456	-100,334625	35,274929				2,203814	-99,873596	36,92226			
1,668768	-99,776009	35,739391	2,037636	-100,289833	35,431721				2,202193	-99,888062	36,870766			
1,67502	-99,779205	35,737873	2,054216	-100,243248	35,593781				2,204521	-99,903625	36,817299			
1,675737	-99,783104	35,735424	2,062618	-100,198463	35,756168				2,202936	-99,918449	36,764618			
1,682168	-99,787918	35,733009	2,078768	-100,151451	35,919075				2,204471	-99,933884	36,711769			
1,683035	-99,791039	35,731064	2,086384	-100,107063	36,077255				2,202818	-99,947571	36,661797			
1,689744	-99,794739	35,729385	2,100635	-100,062691	36,230602				2,204678	-99,961693	36,612972			
1,69058	-99,797066	35,728127	2,107821	-100,023384	36,374294				2,202613	-99,973763	36,568268			
1,696803	-99,800209	35,727097	2,121834	-99,984871	36,50985				2,203883	-99,986443	36,525631			
1,697498	-99,803879	35,725643	2,127909	-99,951447	36,632881				2,201966	-99,996422	36,488235			
1,703936	-99,808319	35,724663	2,140067	-99,919678	36,745102				2,203317	-100,006355	36,453789			
1,704779	-99,810982	35,724533	2,146036	-99,892365	36,843491				2,201488	-100,013954	36,424904			
1,71149	-99,81411	35,725006	2,15818	-99,867973	36,929413				2,202517	-100,021782	36,399124			
1,712299	-99,815788	35,726177	2,161431	-99,848724	37,00024				2,200149	-100,026703	36,379391			
1,718521	-99,818207	35,727818	2,17135	-99,832443	37,058289				2,201854	-100,031433	36,363064			
1,725642	-99,824677	35,731205	2,174578	-99,820854	37,101669				2,200144	-100,033661	36,352444			
1,72648	-99,826492	35,734108	2,18398	-99,812202	37,132977				2,201326	-100,036217	36,344814			
1,733197	-99,828766	35,737637	2,184825	-99,808533	37,1502				2,199126	-100,036331	36,342445			
1,733988	-99,829613	35,741833	2,192212	-99,807602	37,15641				2,200901	-100,036423	36,342796			
1,740214	-99,8312	35,746437	2,192441	-99,810097	37,150784				2,198562	-100,03447	36,347683			
1,740876	-99,83326	35,750694	2,199638	-99,814644	37,136349				2,200711	-100,032631	36,354717			
1,747337	-99,83606	35,755421							2,198507	-100,029182	36,365387			
1,748175	-99,837158	35,760876							2,200475	-100,025856	36,377537			
1,754901	-99,838768	35,766758							2,198197	-100,021385	36,392376			
1,755672	-99,83902	35,77309							2,200293	-100,017075	36,408016			
1,761901	-99,840065	35,779606							2,198209	-100,011986	36,425537			
1,762544	-99,841644	35,785534							2,200423	-100,006729	36,443329			
1,769009	-99,844025	35,791683							2,199214	-100,000977	36,462334			
1,769832	-99,844795	35,798302							2,201481	-99,995865	36,480598			
1,776548	-99,846146	35,805092							2,199669	-99,990234	36,499458			
1,777281	-99,846222	35,812077							2,20199	-99,985321	36,516994			
1,78349	-99,847145	35,819012							2,200629	-99,979973	36,534641			
1,784089	-99,848663	35,825134							2,203031	-99,975624	36,550407			
1,790532	-99,851028	35,831264							2,201399	-99,971107	36,565742			
1,791312	-99,85186	35,837654							2,203569	-99,967415	36,579033			
1,797988	-99,853333	35,844028							2,202173	-99,96347	36,591728			
1,798652	-99,853584	35,850433							2,204526	-99,96064	36,602077			
1,804813	-99,854706	35,856644							2,202867	-99,957855	36,611488			
1,804936	-99,854607	35,862816							2,204763	-99,955948	36,618622			
1,811009	-99,857269	35,867821							2,203509	-99,953812	36,625031			
1,817634	-99,860863	35,877823							2,205669	-99,952942	36,628952			
1,818256	-99,861519	35,882885							2,203693	-99,951881	36,632145			
1,824444	-99,863121	35,887707							2,205643	-99,951843	36,633099			
1,824583	-99,86351	35,892479							2,204133	-99,951431	36,633617			
1,830702	-99,866615	35,896122							2,206134	-99,95211	36,632046			
1,830976	-99,868622	35,899796							2,20392	-99,952621	36,630058			
1,837357	-99,871048	35,903549							2,205606	-99,953941	36,626301			
1,837968	-99,872101	35,907425							2,203775	-99,95472	36,622601			
1,84415	-99,874054	35,91116							2,205862	-99,956665	36,617168			
1,844259	-99,874771	35,914944							2,203789	-99,957893	36,612122			
1,850361	-99,878136	35,917725							2,20566	-99,960106	36,605625			
1,850597	-99,880379	35,920647							2,203614	-99,96154	36,599735			
1,856955	-99,882996	35,923767							2,20531	-99,964005	36,592632			
1,857508	-99,884232	35,927124							2,20325	-99,965652	36,586346			
1,86365	-99,886307	35,930466							2,205341	-99,967758	36,579441			
1,863701	-99,887131	35,933971							2,203433	-99,969246	36,573483			
1,869767	-99,890526	35,9366							2,205494	-99,971436	36,566814			
1,86995	-99,892784	35,939476							2,203076	-99,973114	36,561069			
1,876275	-99,895386	35,942642							2,205005	-99,975075	36,555019			
1,876766	-99,896591	35,946136							2,203704	-99,975845	36,550598			
1,882865	-99,898605	35,949703							2,205591	-99,97757	36,545612			
1,882861	-99,899345	35,953503							2,203221	-99,978401	36,542034			
1,888891	-99,902618	35,956501							2,20512	-99,979721	36,538204			
1,889025	-99,904739	35,959801							2,203357	-99,979935	36,535992			
1,895319	-99,907204	35,963428							2,205416	-99,980957	36,533325			
1,895752	-99,908264	35,967411							2,203669	-99,980972	36,532204			
1,901811	-99,910126	35,971493							2,205423	-99,981812	36,530624			
1,901756	-99,910721	35,975819							2,203459	-99,98156	36,530544			
1,907753	-99,913811	35,979355							2,205456	-99,981781	36,530136			
1,90784	-99,915764	35,983185							2,203457	-99,981331	36,530952			
1,914104	-99,91806	35,987328							2,205065	-99,981667	36,531189			
1,91448	-99,918983	35,991798							2,202937	-99,980759	36,532902			
1,920501	-99,9207	35,996342							2,205037	-99,980591	36,534008			
1,920394	-99,921165	36,001099							2,202881	-99,979568	36,536327			
1,925987	-99,92234	36,005898							2,204826	-99,979462	36,537888			
1,925807	-99,924103	36,009964							2,202779	-99,978462	36,540565			
1,931656	-99,926643	36,01413							2,204647	-99,978088	36,542496			
1,931734	-99,927765	36,018593							2,20262	-99,976967	36,545361			
1,937796	-99,929497	36,023151							2,204326	-99,976845	36,547222			
1,937709	-99,930061	36,027847							2,20222	-99,975731	36,550072			
1,943326	-99,931381	36,03252							2,204395	-99,975403	36,551929			
1,943179	-99,933235	36,036442							2,202454	-99,974571	36,554417			
1,949077	-99,935875	36,04044							2,204116	-99,974564	36,555855			
1,949171	-99,937119	36,044697							2,202159	-99,973625	36,558132			
1,955261	-99,938965	36,049034							2,204261	-99,973412	36,559372			
1,955173	-99,939644	36,053497							2,202368	-99,972633	36,561245			
1,960804	-99,941063	36,057934							2,204436	-99,972771	36,562008			
1,960644	-99,943024	36,061626							2,202533	-99,972191	36,563461			
1,966546	-99,94574	36,065392							2,204562	-99,97226	36,563877			
1,966616	-99,947075	36,06942							2,20299	-99,971581	36,565052			
1,97269	-99,949005	36,07354							2,205121	-99,971764	36,565186			
1,972563	-99,94976	36,077793							2,2033	-99,971382	36,565968			
1,978179	-99,951248	36,082043							2,205312	-99,971725	36,565666			
1,97798	-99,953255	36,085564							2,203371	-99,971252	36,566151			
1,983863	-99,956017	36,08918							2,205331	-99,971748	36,565536			
1,983892	-99,957397	36,093071							2,203484	-99,971367	36,565784			
1,989936	-99,959358	36,097073							2,205539	-99,971832	36,56496			
1,989758	-99,960152	36,101231							2,203752	-99,971565	36,564949			
1,995349	-99,961662	36,1054							2,2057	-99,972176	36,563931			
1,995103	-99,963676	36,108871							2,203782	-99,972031	36,563736			
2,000959	-99,966423	36,112457							2,205507	-99,97242	36,562733			
2,00094	-99,967804	36,116325							2,203761	-99,972198	36,562519			
2,006948	-99,969765	36,120323							2,205489	-99,972649	36,561512			
2,006716	-99,970558	36,124489							2,203615	-99,972527	36,56131			
2,012278	-99,972046	36,128685							2,205329	-99,972946	36,560333			
2,011656	-99,972343	36,133011							2,203196	-99,972862	36,560093			
2,016719	-99,976814	36,140095							2,204896	-99,973381	36,559078			
2,022556	-99,97892	36,143906							2,202897	-99,973175	36,558956			
2,02235	-99,979782	36,147911							2,204613	-99,973778	36,557896			
2,027936	-99,981415	36,151924							2,20267	-99,973618	36,557743			
2,027327	-99,981865	36,156059							2,204493	-99,974136	36,556774			
2,03291	-99,984711	36,159363							2,202517	-99,974037	36,556637			
2,032478	-99,986511	36,162834							2,204324	-99,974365	36,555824			
2,038354	-99,988701	36,166508							2,202614	-99,974167	36,555809			
2,038158	-99,989647	36,170399							2,204403	-99,974831	36,554878			
2,043766	-99,991348	36,174313							2,202445	-99,974571	36,554962			
2,043158	-99,991859	36,178375							2,204465	-99,974823	36,55434			
2,048754	-99,994736	36,181633							2,202786	-99,974571	36,55455			
2,048312	-99,996559	36,185078							2,204509	-99,975105	36,553886			
2,054189	-99,998772	36,18874							2,202798	-99,974716	36,554295			
2,053966	-99,999741	36,192638							2,204919	-99,97493	36,553925			
2,059566	-100,001442	36,196583							2,203298	-99,974457	36,554516			
2,058932	-100,001953	36,200684							2,205075	-99,974854	36,554214			
2,06452	-100,004807	36,204006							2,203148	-99,974495	36,554806			
2,064049	-100,006615	36,207527							2,20521	-99,974747	36,554569			
2,069913	-100,008804	36,211273							2,203496	-99,974266	36,555252			
2,069649	-100,00975	36,215256							2,20526	-99,974792	36,554905			
2,075231	-100,011421	36,219292							2,203114	-99,974251	36,555645			
2,074564	-100,011909	36,223495							2,205235	-99,974419	36,555538			
2,080135	-100,014717	36,226925							2,203656	-99,973877	36,556339			
2,079628	-100,016487	36,230545							2,205486	-99,974228	36,556217			
2,085473	-100,018639	36,23439							2,203252	-99,973816	36,556976			
2,085162	-100,019562	36,238461							2,205119	-99,974037	36,556896			
2,090721	-100,021194	36,242588							2,20329	-99,973419	36,557743			
2,090014	-100,02166	36,246868							2,20514	-99,973709	36,557671			
2,095253	-100,022781	36,251175							2,203014	-99,973366	36,558365			
2,094491	-100,024452	36,254745							2,204631	-99,97377	36,558117			
2,099976	-100,02684	36,258404							2,202725	-99,973244	36,558796			
2,099476	-100,027977	36,262264							2,204795	-99,973526	36,558567			
2,105094	-100,029694	36,266212							2,202619	-99,973305	36,559029			
2,104382	-100,030319	36,270271							2,204313	-99,973724	36,558578			
2,109637	-100,031609	36,274342							2,202584	-99,973404	36,558956			
2,108904	-100,033401	36,277691							2,204725	-99,973701	36,558533			
2,114434	-100,035904	36,281132							2,202737	-99,973434	36,558857			
2,113943	-100,03717	36,284779							2,204634	-99,973923	36,558243			
2,11959	-100,038986	36,288528							2,202881	-99,973579	36,558537			
2,118879	-100,039711	36,292408							2,205058	-99,973885	36,558022			
2,124154	-100,041084	36,29631							2,203188	-99,97361	36,558315			
2,123413	-100,042938	36,299526							2,204893	-99,974052	36,557686			
2,128953	-100,045494	36,302853							2,203355	-99,973602	36,558067			
2,128442	-100,046806	36,3064							2,205162	-99,974022	36,557514			
2,134084	-100,048668	36,310078							2,203224	-99,973602	36,557922			
2,133347	-100,049423	36,313904							2,20528	-99,973938	36,557407			
2,138621	-100,050812	36,31778							2,203508	-99,973572	36,557766			
2,137852	-100,052673	36,320988							2,205365	-99,974174	36,557117			
2,143385	-100,055214	36,324329							2,203366	-99,973831	36,557461			
2,142842	-100,056526	36,3279							2,205296	-99,974113	36,556976			
2,148469	-100,058372	36,331619							2,203665	-99,973686	36,557388			
2,147696	-100,05912	36,335495							2,205395	-99,974113	36,556915			
2,152961	-100,060486	36,339439							2,203282	-99,973831	36,557293			
2,151883	-100,060738	36,343498							2,205179	-99,974091	36,556892			
2,156829	-100,061691	36,347534							2,203417	-99,973549	36,557453			
2,15543	-100,061615	36,351589							2,205084	-99,974014	36,557045			
2,160085	-100,062286	36,355549							2,202971	-99,973732	36,557472			
2,162823	-100,062462	36,363159							2,204604	-99,97393	36,557159			
2,160935	-100,062012	36,366741							2,202937	-99,97348	36,557709			
2,165134	-100,062401	36,370075							2,204432	-99,973938	36,557278			
2,163059	-100,06189	36,373215							2,202299	-99,973663	36,557686			
2,167087	-100,062256	36,376057							2,204083	-99,973915	36,557293			
2,164856	-100,061752	36,378662							2,202509	-99,973572	36,557701			
									2,204254	-99,974098	36,557148			
									2,202181	-99,973846	36,557465			
									2,204254	-99,974068	36,557018			
									2,202743	-99,973717	36,557388			
									2,204751	-99,974167	36,556873			
									2,202782	-99,973953	36,557201			
									2,204506	-99,974358	36,556629			
									2,203016	-99,973801	36,557129			
									2,205137	-99,974098	36,556747			
									2,203223	-99,973846	36,557152			
									2,204863	-99,974167	36,556759			
									2,203012	-99,973511	36,55743			
									2,205263	-99,973801	36,557144			
									2,202985	-99,973457	36,557674			
									2,204803	-99,97393	36,557224			
									2,203028	-99,973465	36,557751			
									2,205042	-99,973793	36,5574			
