RECORDING MOVEMENT  WITH DISC
101,LEFT_LAT_PTERYGOID_SUP,RIGHT_LAT_PTERYGOID_SUP,LEFT_LAT_PTERYGOID_INF,RIGHT_LAT_PTERYGOID_INF
101,,35.0973,,32.7154,,39.477,,36.3782
102,,35.1073,,32.7214,,39.4897,,36.3865
103,,35.1073,,32.7214,,39.4897,,36.3865
104,,35.1215,,32.7255,,39.5088,,36.3933
105,,35.1215,,32.7255,,39.5088,,36.3933
106,,35.1215,,32.7255,,39.5088,,36.3933
107,,34.3689,,31.9146,,38.047,,34.8529
108,,34.3689,,31.9146,,38.047,,34.8529
109,,34.3689,,31.9146,,38.047,,34.8529
110,,34.3957,,31.924,,38.0782,,34.8635
111,,34.3957,,31.924,,38.0782,,34.8635
112,,33.8372,,31.3376,,36.7577,,33.491
113,,33.8372,,31.3376,,36.7577,,33.491
114,,33.8372,,31.3376,,36.7577,,33.491
115,,33.8774,,31.3536,,36.8006,,33.5052
116,,33.8774,,31.3536,,36.8006,,33.5052
117,,33.9279,,31.3732,,36.8517,,33.5205
118,,33.9279,,31.3732,,36.8517,,33.5205
119,,33.9279,,31.3732,,36.8517,,33.5205
120,,33.5299,,31.0323,,35.6448,,32.3557
121,,33.5299,,31.0323,,35.6448,,32.3557
122,,33.5299,,31.0323,,35.6448,,32.3557
123,,33.5448,,31.0682,,35.6574,,32.3975
124,,33.5448,,31.0682,,35.6574,,32.3975
125,,33.5448,,31.0682,,35.6574,,32.3975
126,,33.3359,,30.9443,,34.6012,,31.4168
127,,33.3359,,30.9443,,34.6012,,31.4168
128,,33.3532,,30.9837,,34.612,,31.4598
129,,33.3532,,30.9837,,34.612,,31.4598
130,,33.3532,,30.9837,,34.612,,31.4598
131,,33.3532,,30.9837,,34.612,,31.4598
132,,33.3385,,31.0634,,33.7294,,30.6646
133,,33.3385,,31.0634,,33.7294,,30.6646
134,,33.3479,,31.0723,,33.7419,,30.6751
135,,33.3479,,31.0723,,33.7419,,30.6751
136,,33.3479,,31.0723,,33.7419,,30.6751
137,,33.5089,,31.3357,,33.0357,,30.0657
138,,33.5089,,31.3357,,33.0357,,30.0657
139,,33.5089,,31.3357,,33.0357,,30.0657
140,,33.5144,,31.3396,,33.0424,,30.0704
141,,33.5144,,31.3396,,33.0424,,30.0704
142,,33.52,,31.3416,,33.0487,,30.0728
143,,33.52,,31.3416,,33.0487,,30.0728
144,,33.52,,31.3416,,33.0487,,30.0728
145,,33.8551,,31.8082,,32.5242,,29.6888
146,,33.8551,,31.8082,,32.5242,,29.6888
147,,33.8569,,31.8128,,32.5265,,29.6937
148,,33.8569,,31.8128,,32.5265,,29.6937
149,,34.3628,,32.4753,,32.1972,,29.5474
150,,34.3628,,32.4753,,32.1972,,29.5474
151,,34.3645,,32.4773,,32.1992,,29.5497
152,,34.3645,,32.4773,,32.1992,,29.5497
153,,34.3656,,32.4781,,32.2003,,29.5506
154,,34.3669,,32.4799,,32.2018,,29.5527
155,,34.3669,,32.4799,,32.2018,,29.5527
156,,35.0333,,33.3231,,32.0718,,29.6446
157,,35.0333,,33.3231,,32.0718,,29.6446
158,,35.0333,,33.3231,,32.0718,,29.6446
159,,35.0333,,33.3231,,32.0718,,29.6446
160,,35.0333,,33.3231,,32.0718,,29.6446
161,,35.0333,,33.3231,,32.0718,,29.6446
162,,35.8539,,34.3351,,32.1485,,29.9754
163,,35.8531,,34.3348,,32.1479,,29.975
164,,35.8531,,34.3348,,32.1479,,29.975
165,,35.8522,,34.3331,,32.147,,29.9727
166,,35.8522,,34.3331,,32.147,,29.9727
167,,35.8514,,34.333,,32.1464,,29.9726
168,,36.8145,,35.4984,,32.428,,30.5328
169,,36.8145,,35.4984,,32.428,,30.5328
170,,36.813,,35.4982,,32.4269,,30.5323
171,,36.8119,,35.4948,,32.4255,,30.5277
172,,36.8119,,35.4948,,32.4255,,30.5277
173,,36.8109,,35.4949,,32.4249,,30.5275
174,,37.907,,36.7984,,32.9076,,31.3038
175,,37.907,,36.7984,,32.9076,,31.3038
176,,37.9059,,36.7983,,32.9067,,31.3033
177,,37.9059,,36.7983,,32.9067,,31.3033
178,,37.9046,,36.7943,,32.9047,,31.2974
179,,37.9046,,36.7943,,32.9047,,31.2974
180,,37.904,,36.7945,,32.9042,,31.2974
181,,39.1229,,38.2236,,33.58,,32.2755
182,,39.1229,,38.2236,,33.58,,32.2755
183,,39.1228,,38.2235,,33.5796,,32.275
184,,39.1228,,38.2235,,33.5796,,32.275
185,,39.1226,,38.217,,33.578,,32.2654
186,,40.4546,,39.7618,,34.437,,33.4333
187,,40.4546,,39.7618,,34.437,,33.4333
188,,40.4538,,39.7519,,34.4313,,33.4202
189,,40.4538,,39.7519,,34.4313,,33.4202
190,,40.4535,,39.7511,,34.4294,,33.4187
191,,40.4535,,39.7511,,34.4294,,33.4187
192,,40.4529,,39.7476,,34.4248,,33.4139
193,,40.4529,,39.7476,,34.4248,,33.4139
194,,41.8863,,41.3904,,35.4487,,34.7456
195,,41.8857,,41.3892,,35.444,,34.7433
196,,41.8857,,41.3892,,35.444,,34.7433
197,,41.8853,,41.3879,,35.441,,34.7404
198,,41.8853,,41.3879,,35.441,,34.7404
199,,43.4103,,43.1201,,36.6156,,36.2201
200,,43.4103,,43.1201,,36.6156,,36.2201
201,,43.4097,,43.1185,,36.6119,,36.2161
202,,43.4097,,43.1185,,36.6119,,36.2161
203,,43.4093,,43.1154,,36.6057,,36.2108
204,,43.4088,,43.1138,,36.6018,,36.2067
205,,43.4088,,43.1138,,36.6018,,36.2067
206,,45.0164,,44.924,,37.9132,,37.8149
207,,45.0164,,44.924,,37.9132,,37.8149
208,,45.0158,,44.922,,37.9089,,37.8098
209,,45.0158,,44.922,,37.9089,,37.8098
210,,45.0153,,44.9178,,37.9017,,37.8025
211,,46.6965,,46.7966,,39.338,,39.5224
212,,46.6965,,46.7966,,39.338,,39.5224
213,,46.6953,,46.7883,,39.3282,,39.5099
214,,46.6953,,46.7883,,39.3282,,39.5099
215,,46.6946,,46.7864,,39.3236,,39.5045
216,,46.6946,,46.7864,,39.3236,,39.5045
217,,46.6936,,46.7793,,39.3149,,39.4938
218,,48.4408,,48.7179,,40.8608,,41.3107
219,,48.4408,,48.7179,,40.8608,,41.3107
220,,48.4394,,48.7106,,40.8509,,41.2997
221,,48.4394,,48.7106,,40.8509,,41.2997
222,,48.4388,,48.7088,,40.8468,,41.2949
223,,50.2445,,50.6951,,42.4847,,43.1916
224,,50.2445,,50.6951,,42.4847,,43.1916
225,,50.2439,,50.6936,,42.4809,,43.1867
226,,50.2439,,50.6936,,42.4809,,43.1867
227,,50.2421,,50.6876,,42.4711,,43.1783
228,,50.2413,,50.6862,,42.4681,,43.1743
229,,50.2413,,50.6862,,42.4681,,43.1743
230,,52.099,,52.7156,,44.1903,,45.1415
231,,52.099,,52.7156,,44.1903,,45.1415
232,,52.0989,,52.7141,,44.1879,,45.1371
233,,52.0972,,52.7112,,44.1803,,45.1332
234,,52.0972,,52.7112,,44.1803,,45.1332
235,,52.0967,,52.7105,,44.1789,,45.1304
236,,54.0021,,54.7872,,45.9803,,47.1703
237,,54.0021,,54.7872,,45.9803,,47.1703
238,,54.0023,,54.7842,,45.9795,,47.165
239,,54.0023,,54.7842,,45.9795,,47.165
240,,54.0001,,54.7788,,45.9717,,47.1589
241,,54.0003,,54.776,,45.9716,,47.1545
242,,54.0003,,54.776,,45.9716,,47.1545
243,,55.9487,,56.892,,47.8443,,49.2544
244,,55.9495,,56.8853,,47.8446,,49.246
245,,55.9495,,56.8853,,47.8446,,49.246
246,,55.9463,,56.8772,,47.8364,,49.2372
247,,55.9463,,56.8772,,47.8364,,49.2372
248,,57.9362,,59.0256,,49.778,,51.3855
249,,57.9322,,59.0144,,49.768,,51.374
250,,57.9322,,59.0144,,49.768,,51.374
251,,57.9335,,59.0046,,49.7688,,51.3634
252,,57.9284,,58.9946,,49.7582,,51.3531
253,,57.9284,,58.9946,,49.7582,,51.3531
254,,59.9532,,61.1681,,51.7538,,53.5419
255,,59.9468,,61.1548,,51.7405,,53.5285
256,,59.9484,,61.144,,51.7424,,53.5172
257,,59.9484,,61.144,,51.7424,,53.5172
258,,59.9417,,61.1335,,51.7301,,53.5067
259,,59.9417,,61.1335,,51.7301,,53.5067
260,,61.9973,,63.3329,,53.7738,,55.7348
261,,61.9898,,63.3178,,53.7585,,55.7203
262,,61.9898,,63.3178,,53.7585,,55.7203
263,,61.9915,,63.306,,53.7608,,55.7084
264,,61.9847,,63.295,,53.7481,,55.6981
265,,61.9847,,63.295,,53.7481,,55.6981
266,,64.0681,,65.5173,,55.8343,,57.9606
267,,64.0607,,65.5033,,55.8199,,57.9475
268,,64.0607,,65.5033,,55.8199,,57.9475
269,,64.0622,,65.4916,,55.8221,,57.9358
270,,64.0551,,65.4804,,55.8088,,57.9252
271,,64.0551,,65.4804,,55.8088,,57.9252
272,,66.1636,,67.7234,,57.9336,,60.2173
273,,66.1564,,67.6922,,57.9171,,60.1853
274,,66.1564,,67.6922,,57.9171,,60.1853
275,,66.1597,,67.662,,57.9189,,60.1536
276,,66.1525,,67.635,,57.9046,,60.1248
277,,66.1525,,67.635,,57.9046,,60.1248
278,,68.2853,,69.8791,,60.0621,,62.4256
279,,68.2853,,69.8791,,60.0621,,62.4256
280,,68.2788,,69.8315,,60.0459,,62.3764
281,,68.2836,,69.7891,,60.0495,,62.3322
282,,68.2836,,69.7891,,60.0495,,62.3322
283,,68.2773,,69.7492,,60.0358,,62.29
284,,70.4322,,71.9937,,62.2244,,64.5982
285,,70.4322,,71.9937,,62.2244,,64.5982
286,,70.4256,,71.9546,,62.2095,,64.558
287,,70.4292,,71.9255,,62.2152,,64.5268
288,,70.4292,,71.9255,,62.2152,,64.5268
289,,70.4234,,71.8946,,62.2024,,64.4954
290,,72.5964,,74.159,,64.4176,,66.831
291,,72.5964,,74.159,,64.4176,,66.831
292,,72.5889,,74.1269,,64.401,,66.7993
293,,72.5889,,74.1269,,64.401,,66.7993
294,,72.5915,,74.1055,,64.4072,,66.7756
295,,72.5836,,74.0796,,64.3896,,66.7515
296,,72.5836,,74.0796,,64.3896,,66.7515
297,,74.7641,,76.3698,,66.6213,,69.1153
298,,74.7531,,76.3432,,66.5979,,69.0914
299,,74.7531,,76.3432,,66.5979,,69.0914
300,,74.7493,,76.3295,,66.5976,,69.0738
301,,74.7393,,76.3092,,66.5764,,69.0564
302,,74.7393,,76.3092,,66.5764,,69.0564
303,,76.9402,,78.6119,,68.8352,,71.4387
304,,76.9313,,78.5864,,68.8143,,71.4161
305,,76.9313,,78.5864,,68.8143,,71.4161
306,,76.923,,78.5822,,68.8106,,71.4061
307,,76.9128,,78.5632,,68.7891,,71.3896
308,,76.9128,,78.5632,,68.7891,,71.3896
309,,79.124,,80.8853,,71.0645,,73.7937
310,,79.1151,,80.8655,,71.0431,,73.7774
311,,79.1151,,80.8655,,71.0431,,73.7774
312,,79.1142,,80.8554,,71.0445,,73.7646
313,,79.1056,,80.8356,,71.0243,,73.7472
314,,79.1056,,80.8356,,71.0243,,73.7472
315,,81.3357,,83.1622,,73.3213,,76.1616
316,,81.3266,,83.1423,,73.2986,,76.1453
317,,81.3266,,83.1423,,73.2986,,76.1453
318,,81.3217,,83.1356,,73.2967,,76.1333
319,,81.3086,,83.1155,,73.2676,,76.1175
320,,81.3086,,83.1155,,73.2676,,76.1175
321,,81.29,,83.1156,,73.254,,76.1094
322,,83.5134,,85.4354,,75.5242,,78.5288
323,,83.4902,,85.4342,,75.5067,,78.5168
324,,83.4902,,85.4342,,75.5067,,78.5168
325,,83.4691,,85.4142,,75.4646,,78.5021
326,,83.4541,,85.4136,,75.4546,,78.4943
327,,83.4541,,85.4136,,75.4546,,78.4943
328,,85.6878,,87.7462,,77.7404,,80.9284
329,,85.6685,,87.7448,,77.7278,,80.916
330,,85.6685,,87.7448,,77.7278,,80.916
331,,85.649,,87.7214,,77.6873,,80.8983
332,,85.6356,,87.7201,,77.681,,80.8884
333,,85.6356,,87.7201,,77.681,,80.8884
334,,87.8765,,90.056,,79.9749,,83.3291
335,,87.8607,,90.0543,,79.9671,,83.3161
336,,87.8607,,90.0543,,79.9671,,83.3161
337,,87.8424,,90.034,,79.9296,,83.3014
338,,87.8313,,90.0328,,79.9264,,83.2929
339,,87.8313,,90.0328,,79.9264,,83.2929
340,,90.0834,,92.3796,,82.2369,,85.7463
341,,90.0723,,92.3771,,82.2363,,85.7325
342,,90.0723,,92.3771,,82.2363,,85.7325
343,,90.056,,92.3517,,82.2004,,85.7134
344,,90.0436,,92.3498,,82.1976,,85.7017
345,,90.0436,,92.3498,,82.1976,,85.7017
346,,92.3048,,94.7009,,84.521,,88.1605
347,,92.2985,,94.696,,84.5241,,88.1454
348,,92.2985,,94.696,,84.5241,,88.1454
349,,92.2844,,94.6742,,84.4918,,88.1306
350,,92.2718,,94.6718,,84.4903,,88.1168
351,,92.2718,,94.6718,,84.4903,,88.1168
352,,94.5406,,97.012,,86.8237,,90.5652
353,,94.5137,,96.9806,,86.8194,,90.5077
354,,94.5018,,96.9062,,86.7911,,90.4374
355,,94.5018,,96.9062,,86.7911,,90.4374
356,,94.4789,,96.8873,,86.7925,,90.3941
357,,94.4723,,96.8293,,86.7748,,90.3403
358,,94.4723,,96.8293,,86.7748,,90.3403
359,,96.7379,,99.1972,,89.1505,,92.7886
360,,96.7275,,99.1397,,89.1267,,92.7372
361,,96.7275,,99.1397,,89.1267,,92.7372
362,,96.7047,,99.1268,,89.1284,,92.7017
363,,96.6959,,99.0736,,89.1074,,92.6551
364,,96.6959,,99.0736,,89.1074,,92.6551
365,,98.9688,,101.445,,91.4937,,95.1095
366,,98.9555,,101.39,,91.4662,,95.0623
367,,98.9555,,101.39,,91.4662,,95.0623
368,,98.9339,,101.376,,91.4681,,95.0283
369,,98.9202,,101.324,,91.4399,,94.9841
370,,98.9202,,101.324,,91.4399,,94.9841
371,,101.199,,103.699,,93.8346,,97.4448
372,,101.182,,103.646,,93.8021,,97.4007
373,,101.182,,103.646,,93.8021,,97.4007
374,,101.163,,103.635,,93.8072,,97.3711
375,,101.15,,103.59,,93.7813,,97.3355
376,,101.15,,103.59,,93.7813,,97.3355
377,,103.43,,105.971,,96.181,,99.8011
378,,103.411,,105.918,,96.1445,,99.7589
379,,103.411,,105.918,,96.1445,,99.7589
380,,103.391,,105.911,,96.1497,,99.7328
381,,103.378,,105.87,,96.1235,,99.7027
382,,103.378,,105.87,,96.1235,,99.7027
383,,105.667,,108.254,,98.5343,,102.173
384,,105.65,,108.209,,98.5019,,102.14
385,,105.65,,108.209,,98.5019,,102.14
386,,105.633,,108.2,,98.5087,,102.113
387,,105.621,,108.157,,98.4825,,102.081
388,,105.601,,108.155,,98.49,,102.06
389,,105.601,,108.155,,98.49,,102.06
390,,107.898,,110.513,,100.87,,104.536
391,,107.898,,110.513,,100.87,,104.536
392,,107.879,,110.504,,100.874,,104.509
393,,107.866,,110.462,,100.845,,104.477
394,,107.866,,110.462,,100.845,,104.477
395,,107.846,,110.459,,100.852,,104.454
396,,110.147,,112.817,,103.236,,106.93
397,,110.147,,112.817,,103.236,,106.93
398,,110.13,,112.812,,103.243,,106.907
399,,110.118,,112.777,,103.215,,106.883
400,,110.118,,112.777,,103.215,,106.883
401,,110.025,,112.776,,103.15,,106.852
402,,112.218,,115.104,,105.393,,109.315
403,,112.218,,115.104,,105.393,,109.315
404,,112.101,,115.106,,105.305,,109.286
405,,111.932,,115.058,,105.099,,109.252
406,,111.825,,115.064,,105.022,,109.232
407,,111.825,,115.064,,105.022,,109.232
408,,113.913,,117.474,,107.225,,111.719
409,,113.824,,117.488,,107.167,,111.711
410,,113.824,,117.488,,107.167,,111.711
411,,113.686,,117.45,,107.002,,111.687
412,,113.686,,117.45,,107.002,,111.687
413,,113.599,,117.456,,106.953,,111.669
414,,115.768,,119.809,,109.203,,114.147
415,,115.691,,119.816,,109.166,,114.131
416,,115.691,,119.816,,109.166,,114.131
417,,115.619,,119.746,,109.056,,114.099
418,,115.396,,119.752,,108.891,,114.071
419,,115.396,,119.752,,108.891,,114.071
420,,114.964,,119.751,,108.492,,114.049
421,,117.051,,122.181,,110.729,,116.573
422,,117.051,,122.181,,110.729,,116.573
423,,116.716,,122.232,,110.56,,116.499
424,,116.716,,122.232,,110.56,,116.499
425,,116.672,,122.171,,110.498,,116.479
426,,116.361,,122.117,,110.2,,116.43
427,,118.552,,124.529,,112.547,,118.946
428,,118.552,,124.529,,112.547,,118.946
429,,118.288,,124.48,,112.296,,118.909
430,,118.246,,124.478,,112.288,,118.908
431,,118.246,,124.478,,112.288,,118.908
432,,118.152,,124.334,,112.173,,118.817
433,,120.421,,126.656,,114.605,,121.25
434,,120.421,,126.656,,114.605,,121.25
435,,120.416,,126.513,,114.592,,121.152
436,,120.42,,126.44,,114.636,,121.078
437,,120.42,,126.44,,114.636,,121.078
438,,120.428,,126.325,,114.647,,120.997
439,,122.715,,128.659,,117.09,,123.449
440,,122.715,,128.659,,117.09,,123.449
441,,122.72,,128.545,,117.105,,123.359
442,,122.726,,128.489,,117.142,,123.307
443,,122.726,,128.489,,117.142,,123.307
444,,122.706,,128.387,,117.13,,123.225
445,,124.983,,130.747,,119.572,,125.694
446,,124.983,,130.747,,119.572,,125.694
447,,124.95,,130.582,,119.538,,125.559
448,,124.944,,130.484,,119.568,,125.458
449,,124.865,,130.302,,119.459,,125.329
450,,124.865,,130.302,,119.459,,125.329
451,,127.119,,132.639,,121.897,,127.76
452,,127.118,,132.512,,121.885,,127.671
453,,127.118,,132.512,,121.885,,127.671
454,,127.113,,132.453,,121.926,,127.595
455,,127.115,,132.353,,121.918,,127.528
456,,127.115,,132.353,,121.918,,127.528
457,,127.106,,132.311,,121.948,,127.469
458,,129.388,,134.616,,124.349,,129.924
459,,129.388,,134.616,,124.349,,129.924
460,,129.371,,134.583,,124.37,,129.872
461,,129.384,,134.452,,124.378,,129.767
462,,129.384,,134.452,,124.378,,129.767
463,,129.327,,134.225,,124.396,,129.511
464,,131.646,,136.297,,126.843,,131.749
465,,131.646,,136.297,,126.843,,131.749
466,,131.595,,136.074,,126.866,,131.496
467,,131.609,,135.8,,126.868,,131.274
468,,131.609,,135.8,,126.868,,131.274
469,,131.544,,135.633,,126.89,,131.064
470,,133.856,,137.762,,129.33,,133.363
471,,133.856,,137.762,,129.33,,133.363
472,,133.783,,137.612,,129.345,,133.17
473,,133.799,,137.378,,129.338,,132.998
474,,133.799,,137.378,,129.338,,132.998
475,,133.715,,137.267,,129.352,,132.834
476,,136.028,,139.397,,131.787,,135.148
477,,136.028,,139.397,,131.787,,135.148
478,,135.949,,139.282,,131.793,,134.992
479,,135.964,,139.086,,131.788,,134.857
480,,135.964,,139.086,,131.788,,134.857
481,,135.925,,138.762,,131.805,,134.551
482,,138.233,,140.744,,134.269,,136.738
483,,138.233,,140.744,,134.269,,136.738
484,,138.153,,140.746,,134.292,,136.682
485,,138.124,,140.758,,134.339,,136.657
486,,138.124,,140.758,,134.339,,136.657
487,,138.082,,140.772,,134.346,,136.65
488,,140.272,,143.05,,136.79,,138.982
489,,140.272,,143.05,,136.79,,138.982
490,,140.24,,143.065,,136.796,,138.983
491,,140.155,,143.043,,136.788,,138.908
492,,140.144,,143.05,,136.799,,138.91
493,,140.144,,143.05,,136.799,,138.91
494,,142.346,,145.356,,139.214,,141.294
495,,142.319,,145.357,,139.219,,141.277
496,,142.319,,145.357,,139.219,,141.277
497,,142.278,,145.35,,139.212,,141.246
498,,142.278,,145.35,,139.212,,141.246
499,,142.26,,145.344,,139.221,,141.22
500,,144.536,,147.668,,141.671,,143.65
501,,144.536,,147.668,,141.671,,143.65
502,,144.509,,147.655,,141.672,,143.613
503,,144.509,,147.655,,141.672,,143.613
504,,144.496,,147.646,,141.644,,143.623
505,,144.484,,147.634,,141.641,,143.596
506,,144.484,,147.634,,141.641,,143.596
507,,144.49,,147.572,,141.656,,143.515
508,,146.777,,149.893,,144.103,,145.953
509,,146.777,,149.893,,144.103,,145.953
510,,146.715,,149.812,,144.106,,145.809
511,,146.655,,149.814,,144.031,,145.817
512,,146.655,,149.814,,144.031,,145.817
513,,146.207,,149.797,,143.669,,145.749
514,,148.15,,152.168,,145.829,,148.213
515,,148.15,,152.168,,145.829,,148.213
516,,147.13,,152.257,,145.095,,148.219
517,,146.581,,152.377,,144.45,,148.516
518,,146.581,,152.377,,144.45,,148.516
519,,148.371,,154.716,,146.35,,151.111
520,,148.285,,154.141,,146.173,,150.764
521,,148.285,,154.141,,146.173,,150.764
522,,148.154,,153.952,,146.164,,150.52
523,,148.154,,153.952,,146.164,,150.52
524,,148.184,,153.857,,146.195,,150.478
525,,150.403,,156.067,,148.517,,152.926
526,,150.403,,156.067,,148.517,,152.926
527,,150.43,,156.064,,148.576,,152.923
528,,150.433,,155.526,,148.692,,152.346
529,,150.433,,155.526,,148.692,,152.346
530,,150.468,,155.471,,148.752,,152.303
531,,152.702,,157.777,,151.092,,154.825
532,,152.702,,157.777,,151.092,,154.825
533,,152.715,,157.796,,151.139,,154.842
534,,152.713,,157.424,,151.273,,154.389
535,,152.713,,157.424,,151.273,,154.389
536,,152.538,,157.423,,151.149,,154.377
537,,152.538,,157.423,,151.149,,154.377
538,,154.658,,159.714,,153.328,,156.933
539,,154.376,,159.719,,153.164,,156.878
540,,154.376,,159.719,,153.164,,156.878
541,,154.349,,159.533,,152.94,,156.916
542,,154.092,,159.521,,152.819,,156.826
543,,154.092,,159.521,,152.819,,156.826
544,,156.219,,161.834,,155.161,,159.263
545,,156.219,,161.834,,155.161,,159.263
546,,156.039,,161.859,,155.057,,159.251
547,,155.962,,161.56,,154.893,,159.099
548,,155.962,,161.56,,154.893,,159.099
549,,155.74,,161.31,,154.794,,158.812
550,,157.895,,163.317,,157.103,,161.051
551,,157.895,,163.317,,157.103,,161.051
552,,157.639,,162.836,,156.974,,160.586
553,,157.413,,161.884,,156.797,,159.819
554,,157.413,,161.884,,156.797,,159.819
555,,157.038,,160.889,,156.65,,158.873
556,,157.038,,160.889,,156.65,,158.873
557,,158.023,,160.965,,158.203,,159.543
558,,158.023,,160.965,,158.203,,159.543
559,,157.339,,158.346,,157.467,,157.948
560,,157.339,,158.346,,157.467,,157.948
561,,156.848,,155.532,,156.992,,156.051
562,,156.848,,155.532,,156.992,,156.051
563,,158.267,,154.07,,158.722,,155.935
564,,158.267,,154.07,,158.722,,155.935
565,,158.267,,154.07,,158.722,,155.935
566,,156.591,,148.781,,157.235,,152.658
567,,156.591,,148.781,,157.235,,152.658
568,,156.591,,148.781,,157.235,,152.658
569,,156.088,,142.142,,157.83,,149.284
570,,156.088,,142.142,,157.83,,149.284
571,,156.088,,142.142,,157.83,,149.284
572,,156.088,,142.142,,157.83,,149.284
573,,150.145,,130.796,,154.286,,142.296
574,,150.145,,130.796,,154.286,,142.296
575,,150.145,,130.796,,154.286,,142.296
576,,150.145,,130.796,,154.286,,142.296
577,,150.145,,130.796,,154.286,,142.296
578,,150.145,,130.796,,154.286,,142.296
579,,145.038,,119.397,,152.726,,136.494
580,,145.038,,119.397,,152.726,,136.494
581,,145.038,,119.397,,152.726,,136.494
582,,145.038,,119.397,,152.726,,136.494
583,,145.038,,119.397,,152.726,,136.494
584,,139.796,,107.066,,151.818,,130.96
585,,139.796,,107.066,,151.818,,130.96
586,,139.796,,107.066,,151.818,,130.96
587,,139.796,,107.066,,151.818,,130.96
588,,139.796,,107.066,,151.818,,130.96
589,,139.796,,107.066,,151.818,,130.96
590,,135.416,,94.827,,152.094,,126.741
591,,135.416,,94.827,,152.094,,126.741
592,,135.416,,94.827,,152.094,,126.741
593,,135.416,,94.827,,152.094,,126.741
594,,135.416,,94.827,,152.094,,126.741
595,,135.416,,94.827,,152.094,,126.741
596,,132.16,,83.8278,,152.855,,124.658
597,,132.16,,83.8278,,152.855,,124.658
598,,132.16,,83.8278,,152.855,,124.658
599,,132.16,,83.8278,,152.855,,124.658
600,,132.16,,83.8278,,152.855,,124.658
601,,132.16,,83.8278,,152.855,,124.658
602,,132.16,,83.8278,,152.855,,124.658
603,,129.985,,77.6182,,153.69,,125.555
604,,129.985,,77.6182,,153.69,,125.555
605,,129.985,,77.6182,,153.69,,125.555
606,,129.985,,77.6182,,153.69,,125.555
607,,129.985,,77.6182,,153.69,,125.555
608,,129.985,,77.6182,,153.69,,125.555
609,,129.985,,77.6182,,153.69,,125.555
610,,127.769,,77.2628,,153.831,,128.547
611,,127.769,,77.2628,,153.831,,128.547
612,,127.769,,77.2628,,153.831,,128.547
613,,127.769,,77.2628,,153.831,,128.547
614,,127.769,,77.2628,,153.831,,128.547
615,,125.395,,78.5066,,153.581,,132.17
616,,125.395,,78.5066,,153.581,,132.17
617,,125.395,,78.5066,,153.581,,132.17
618,,125.395,,78.5066,,153.581,,132.17
619,,125.395,,78.5066,,153.581,,132.17
620,,125.395,,78.5066,,153.581,,132.17
621,,125.395,,78.5066,,153.581,,132.17
622,,123.333,,82.6246,,153.159,,136.077
623,,123.333,,82.6246,,153.159,,136.077
624,,123.333,,82.6246,,153.159,,136.077
625,,123.333,,82.6246,,153.159,,136.077
626,,123.333,,82.6246,,153.159,,136.077
627,,123.333,,82.6246,,153.159,,136.077
628,,123.333,,82.6246,,153.159,,136.077
629,,121.732,,87.9728,,153.058,,139.811
630,,121.732,,87.9728,,153.058,,139.811
631,,121.732,,87.9728,,153.058,,139.811
632,,121.732,,87.9728,,153.058,,139.811
633,,121.732,,87.9728,,153.058,,139.811
634,,120.562,,92.8604,,153.534,,143.294
635,,120.562,,92.8604,,153.534,,143.294
636,,120.562,,92.8604,,153.534,,143.294
637,,120.562,,92.8604,,153.534,,143.294
638,,119.527,,97.9134,,154.263,,146.602
639,,119.527,,97.9134,,154.263,,146.602
640,,119.527,,97.9134,,154.263,,146.602
641,,117.276,,101.362,,153.25,,147.69
642,,117.276,,101.362,,153.25,,147.69
643,,117.276,,101.362,,153.25,,147.69
644,,116.549,,105.897,,154.506,,150.755
645,,116.549,,105.897,,154.506,,150.755
646,,116.549,,105.897,,154.506,,150.755
647,,114.33,,108.786,,153.766,,151.771
648,,114.33,,108.786,,153.766,,151.771
649,,114.33,,108.786,,153.766,,151.771
650,,113.473,,112.794,,155.167,,154.871
651,,113.473,,112.794,,155.167,,154.871
652,,113.473,,112.794,,155.167,,154.871
653,,111.085,,115.184,,154.5,,156.018
654,,111.085,,115.184,,154.5,,156.018
655,,111.085,,115.184,,154.5,,156.018
656,,109.861,,118.849,,155.889,,159.319
657,,109.861,,118.849,,155.889,,159.319
658,,106.989,,121.153,,155.093,,160.701
659,,106.989,,121.153,,155.093,,160.701
660,,105.209,,124.878,,156.353,,164.219
661,,105.209,,124.878,,156.353,,164.219
662,,105.209,,124.878,,156.353,,164.219
663,,101.881,,127.124,,155.574,,165.706
664,,101.881,,127.124,,155.574,,165.706
665,,98.5605,,129.193,,154.967,,167.081
666,,98.5605,,129.193,,154.967,,167.081
667,,96.3703,,132.761,,156.526,,170.568
668,,96.3703,,132.761,,156.526,,170.568
669,,93.2713,,134.536,,156.335,,171.677
670,,93.2713,,134.536,,156.335,,171.677
671,,93.2713,,134.536,,156.335,,171.677
672,,90.6073,,136.137,,156.366,,172.589
673,,90.6073,,136.137,,156.366,,172.589
674,,90.3041,,139.031,,158.65,,175.3
675,,90.3041,,139.031,,158.65,,175.3
676,,90.3041,,139.031,,158.65,,175.3
677,,91.4946,,139.991,,158.955,,175.384
678,,91.4946,,139.991,,158.955,,175.384
679,,91.4946,,139.991,,158.955,,175.384
680,,91.4946,,139.991,,158.955,,175.384
681,,95.007,,142.235,,161.32,,177.518
682,,95.007,,142.235,,161.32,,177.518
683,,95.007,,142.235,,161.32,,177.518
684,,95.007,,142.235,,161.32,,177.518
685,,97.3586,,142.553,,161.563,,177.475
686,,97.3586,,142.553,,161.563,,177.475
687,,97.3586,,142.553,,161.563,,177.475
688,,101.217,,144.266,,163.825,,179.371
689,,101.217,,144.266,,163.825,,179.371
690,,103.812,,144.393,,163.878,,179.147
691,,103.812,,144.393,,163.878,,179.147
692,,107.673,,145.98,,166.087,,180.904
693,,107.673,,145.98,,166.087,,180.904
694,,109.771,,146.102,,166.113,,180.751
695,,109.771,,146.102,,166.113,,180.751
696,,111.62,,146.164,,166.262,,180.553
697,,114.308,,148.066,,168.341,,182.803
698,,114.308,,148.066,,168.341,,182.803
699,,115.394,,148.374,,168.466,,182.987
700,,115.394,,148.374,,168.466,,182.987
701,,116.38,,148.768,,168.537,,183.283
702,,117.412,,149.067,,168.706,,183.487
703,,117.412,,149.067,,168.706,,183.487
704,,119.714,,151.004,,170.851,,185.864
705,,120.651,,151.19,,171.012,,185.971
706,,121.475,,151.422,,171.092,,186.137
707,,121.475,,151.422,,171.092,,186.137
708,,122.235,,151.568,,171.225,,186.213
709,,122.933,,151.763,,171.302,,186.344
710,,122.933,,151.763,,171.302,,186.344
711,,124.954,,153.508,,173.473,,188.542
712,,125.541,,153.663,,173.543,,188.646
713,,125.541,,153.663,,173.543,,188.646
714,,126.117,,153.716,,173.691,,188.65
715,,126.656,,153.823,,173.789,,188.71
716,,126.656,,153.823,,173.789,,188.71
717,,127.167,,153.857,,173.953,,188.689
718,,127.645,,153.937,,174.061,,188.723
719,,128.09,,153.936,,174.229,,188.676
720,,128.09,,153.936,,174.229,,188.676
721,,128.515,,153.992,,174.346,,188.686
722,,128.904,,153.984,,174.518,,188.624
723,,129.274,,154.023,,174.635,,188.619
724,,129.615,,153.982,,174.808,,188.538
725,,129.615,,153.982,,174.808,,188.538
726,,129.942,,153.995,,174.931,,188.515
727,,130.222,,153.955,,175.096,,188.432
728,,130.492,,153.954,,175.207,,188.406
729,,130.492,,153.954,,175.207,,188.406
730,,130.737,,153.896,,175.367,,188.32
731,,130.976,,153.877,,175.478,,188.286
732,,131.175,,153.809,,175.629,,188.199
733,,131.175,,153.809,,175.629,,188.199
734,,131.363,,153.788,,175.723,,188.174
735,,131.527,,153.709,,175.863,,188.09
736,,131.692,,153.675,,175.954,,188.061
737,,131.83,,153.592,,176.089,,187.978
738,,131.83,,153.592,,176.089,,187.978
739,,131.95,,153.553,,176.164,,187.954
740,,132.057,,153.465,,176.285,,187.877
741,,132.168,,153.423,,176.357,,187.856
742,,132.258,,153.332,,176.472,,187.779
743,,132.258,,153.332,,176.472,,187.779
744,,132.34,,153.289,,176.531,,187.762
745,,132.408,,153.199,,176.633,,187.69
746,,132.481,,153.156,,176.686,,187.675
747,,132.481,,153.156,,176.686,,187.675
748,,132.532,,153.068,,176.781,,187.605
749,,132.592,,153.03,,176.823,,187.594
750,,132.642,,152.943,,176.913,,187.526
751,,132.684,,152.907,,176.945,,187.518
752,,132.684,,152.907,,176.945,,187.518
753,,132.71,,152.832,,177.019,,187.458
754,,132.754,,152.805,,177.043,,187.455
755,,132.78,,152.733,,177.112,,187.397
756,,132.817,,152.711,,177.129,,187.395
757,,132.817,,152.711,,177.129,,187.395
758,,132.827,,152.649,,177.186,,187.343
759,,132.859,,152.638,,177.193,,187.348
760,,132.87,,152.582,,177.242,,187.301
761,,132.894,,152.579,,177.24,,187.311
762,,132.894,,152.579,,177.24,,187.311
763,,132.897,,152.532,,177.281,,187.267
764,,132.918,,152.537,,177.272,,187.281
765,,132.921,,152.497,,177.306,,187.242
766,,132.936,,152.51,,177.289,,187.26
767,,132.936,,152.51,,177.289,,187.26
768,,132.942,,152.476,,177.321,,187.223
769,,132.95,,152.496,,177.296,,187.246
770,,132.959,,152.466,,177.325,,187.21
771,,132.971,,152.491,,177.299,,187.236
772,,132.971,,152.491,,177.299,,187.236
773,,132.97,,152.466,,177.323,,187.202
774,,132.984,,152.497,,177.295,,187.23
775,,132.981,,152.476,,177.316,,187.201
776,,132.981,,152.476,,177.316,,187.201
777,,132.996,,152.506,,177.287,,187.228
778,,132.988,,152.491,,177.305,,187.202
779,,133.007,,152.525,,177.278,,187.231
780,,133.007,,152.525,,177.278,,187.231
781,,133.005,,152.509,,177.297,,187.205
782,,133.02,,152.544,,177.268,,187.235
783,,133.011,,152.528,,177.286,,187.21
784,,133.031,,152.563,,177.259,,187.239
785,,133.022,,152.549,,177.276,,187.216
786,,133.022,,152.549,,177.276,,187.216
787,,133.042,,152.58,,177.252,,187.244
788,,133.028,,152.564,,177.268,,187.221
789,,133.041,,152.598,,177.242,,187.251
790,,133.039,,152.581,,177.264,,187.226
791,,133.039,,152.581,,177.264,,187.226
792,,133.052,,152.61,,177.24,,187.256
793,,133.044,,152.591,,177.261,,187.231
794,,133.051,,152.621,,177.235,,187.262
795,,133.048,,152.6,,177.26,,187.235
796,,133.048,,152.6,,177.26,,187.235
797,,133.053,,152.628,,177.235,,187.266
798,,133.055,,152.603,,177.263,,187.236
799,,133.059,,152.63,,177.237,,187.267
800,,133.058,,152.605,,177.265,,187.239
801,,133.058,,152.605,,177.265,,187.239
802,,133.062,,152.63,,177.24,,187.269
803,,133.055,,152.603,,177.268,,187.239
804,,133.059,,152.625,,177.244,,187.267
805,,133.059,,152.625,,177.244,,187.267
806,,133.057,,152.6,,177.273,,187.239
807,,133.067,,152.618,,177.255,,187.263
808,,133.061,,152.591,,177.283,,187.234
809,,133.066,,152.611,,177.261,,187.261
810,,133.061,,152.583,,177.29,,187.232
811,,133.061,,152.583,,177.29,,187.232
812,,133.069,,152.602,,177.27,,187.256
813,,133.066,,152.572,,177.299,,187.226
814,,133.069,,152.592,,177.277,,187.252
815,,133.069,,152.592,,177.277,,187.252
816,,133.065,,152.565,,177.304,,187.223
817,,133.071,,152.584,,177.283,,187.249
818,,133.068,,152.557,,177.312,,187.219
819,,133.07,,152.576,,177.288,,187.245
820,,133.07,,152.576,,177.288,,187.245
821,,133.066,,152.551,,177.314,,187.217
822,,133.072,,152.57,,177.293,,187.241
823,,133.066,,152.545,,177.319,,187.213
824,,133.066,,152.545,,177.319,,187.213
825,,133.067,,152.567,,177.294,,187.24
826,,133.062,,152.542,,177.319,,187.213
827,,133.068,,152.563,,177.295,,187.239
828,,133.061,,152.539,,177.32,,187.211
829,,133.061,,152.539,,177.32,,187.211
830,,133.062,,152.563,,177.292,,187.24
831,,133.056,,152.54,,177.315,,187.214
832,,133.061,,152.564,,177.29,,187.241
833,,133.056,,152.539,,177.315,,187.213
834,,133.056,,152.539,,177.315,,187.213
835,,133.058,,152.564,,177.288,,187.241
836,,133.054,,152.54,,177.312,,187.213
837,,133.058,,152.565,,177.285,,187.243
838,,133.058,,152.565,,177.285,,187.243
839,,133.053,,152.541,,177.308,,187.215
840,,133.058,,152.566,,177.282,,187.243
841,,133.053,,152.543,,177.306,,187.215
842,,133.053,,152.543,,177.306,,187.215
843,,133.062,,152.568,,177.281,,187.243
844,,133.056,,152.543,,177.306,,187.214
845,,133.06,,152.569,,177.278,,187.243
846,,133.06,,152.569,,177.278,,187.243
847,,133.054,,152.546,,177.303,,187.215
848,,133.069,,152.57,,177.282,,187.24
849,,133.058,,152.546,,177.304,,187.214
850,,133.064,,152.573,,177.278,,187.243
851,,133.064,,152.573,,177.278,,187.243
852,,133.056,,152.55,,177.302,,187.215
853,,133.069,,152.576,,177.279,,187.243
854,,133.061,,152.552,,177.303,,187.215
855,,133.061,,152.552,,177.303,,187.215
856,,133.072,,152.575,,177.281,,187.241
857,,133.059,,152.552,,177.303,,187.214
858,,133.071,,152.577,,177.28,,187.241
859,,133.062,,152.553,,177.304,,187.215
860,,133.062,,152.553,,177.304,,187.215
861,,133.072,,152.578,,177.28,,187.241
862,,133.057,,152.555,,177.302,,187.216
863,,133.069,,152.581,,177.278,,187.244
864,,133.06,,152.556,,177.302,,187.218
865,,133.06,,152.556,,177.302,,187.218
866,,133.068,,152.583,,177.278,,187.246
867,,133.057,,152.557,,177.302,,187.218
868,,133.065,,152.582,,177.278,,187.246
869,,133.065,,152.582,,177.278,,187.246
870,,133.056,,152.558,,177.302,,187.219
871,,133.065,,152.583,,177.277,,187.247
872,,133.051,,152.558,,177.3,,187.221
873,,133.062,,152.584,,177.275,,187.249
874,,133.062,,152.584,,177.275,,187.249
875,,133.055,,152.558,,177.301,,187.221
876,,133.064,,152.58,,177.277,,187.247
877,,133.051,,152.556,,177.3,,187.221
878,,133.062,,152.581,,177.276,,187.248
879,,133.062,,152.581,,177.276,,187.248
880,,133.054,,152.556,,177.3,,187.221
881,,133.064,,152.579,,177.277,,187.247
882,,133.053,,152.553,,177.302,,187.219
883,,133.053,,152.553,,177.302,,187.219
884,,133.063,,152.576,,177.279,,187.245
885,,133.053,,152.552,,177.303,,187.218
886,,133.068,,152.574,,177.281,,187.243
887,,133.056,,152.549,,177.306,,187.216
888,,133.056,,152.549,,177.306,,187.216
889,,133.066,,152.572,,177.283,,187.241
890,,133.057,,152.548,,177.306,,187.214
891,,133.069,,152.572,,177.283,,187.242
892,,133.069,,152.572,,177.283,,187.242
893,,133.057,,152.547,,177.307,,187.214
894,,133.069,,152.572,,177.283,,187.241
895,,133.059,,152.547,,177.307,,187.214
896,,133.07,,152.57,,177.285,,187.24
897,,133.07,,152.57,,177.285,,187.24
898,,133.058,,152.546,,177.309,,187.212
899,,133.068,,152.57,,177.285,,187.239
900,,133.058,,152.548,,177.307,,187.214
901,,133.069,,152.572,,177.285,,187.24
902,,133.069,,152.572,,177.285,,187.24
903,,133.057,,152.549,,177.308,,187.215
904,,133.066,,152.573,,177.284,,187.241
905,,133.055,,152.551,,177.306,,187.216
906,,133.063,,152.576,,177.281,,187.244
907,,133.063,,152.576,,177.281,,187.244
908,,133.052,,152.553,,177.303,,187.218
909,,133.062,,152.578,,177.279,,187.246
910,,133.051,,152.554,,177.301,,187.22
911,,133.062,,152.578,,177.278,,187.246
912,,133.062,,152.578,,177.278,,187.246
913,,133.051,,152.554,,177.302,,187.219
914,,133.061,,152.578,,177.277,,187.247
915,,133.053,,152.556,,177.301,,187.221
916,,133.064,,152.578,,177.279,,187.246
917,,133.064,,152.578,,177.279,,187.246
918,,133.051,,152.554,,177.301,,187.219
919,,133.062,,152.578,,177.277,,187.246
920,,133.054,,152.554,,177.301,,187.22
921,,133.065,,152.577,,177.279,,187.245
922,,133.065,,152.577,,177.279,,187.245
923,,133.052,,152.553,,177.302,,187.218
924,,133.066,,152.577,,177.28,,187.244
925,,133.057,,152.552,,177.304,,187.217
926,,133.07,,152.575,,177.282,,187.243
927,,133.056,,152.552,,177.305,,187.216
928,,133.056,,152.552,,177.305,,187.216
929,,133.067,,152.576,,177.281,,187.243
930,,133.059,,152.551,,177.305,,187.216
931,,133.071,,152.574,,177.283,,187.241
932,,133.057,,152.55,,177.306,,187.214
933,,133.057,,152.55,,177.306,,187.214
934,,133.067,,152.576,,177.281,,187.243
935,,133.059,,152.551,,177.306,,187.216
936,,133.07,,152.574,,177.284,,187.241
937,,133.058,,152.55,,177.307,,187.215
938,,133.058,,152.55,,177.307,,187.215
939,,133.064,,152.575,,177.281,,187.243
940,,133.055,,152.552,,177.304,,187.217
941,,133.066,,152.576,,177.281,,187.244
942,,133.066,,152.576,,177.281,,187.244
943,,133.055,,152.552,,177.304,,187.218
944,,133.063,,152.577,,177.279,,187.245
945,,133.051,,152.554,,177.301,,187.22
946,,133.051,,152.554,,177.301,,187.22
947,,133.063,,152.578,,177.278,,187.247
948,,133.054,,152.553,,177.302,,187.219
949,,133.061,,152.577,,177.277,,187.247
950,,133.05,,152.554,,177.3,,187.221
951,,133.062,,152.576,,177.277,,187.246
952,,133.062,,152.576,,177.277,,187.246
953,,133.054,,152.552,,177.302,,187.219
954,,133.063,,152.576,,177.278,,187.245
955,,133.052,,152.551,,177.302,,187.218
956,,133.052,,152.551,,177.302,,187.218
957,,133.064,,152.575,,177.279,,187.244
958,,133.055,,152.55,,177.304,,187.216
959,,133.066,,152.573,,177.281,,187.242
960,,133.066,,152.573,,177.281,,187.242
961,,133.054,,152.55,,177.303,,187.217
962,,133.069,,152.573,,177.282,,187.242
963,,133.055,,152.55,,177.305,,187.216
964,,133.067,,152.574,,177.281,,187.243
965,,133.067,,152.574,,177.281,,187.243
966,,133.058,,152.55,,177.306,,187.216
967,,133.07,,152.574,,177.283,,187.241
968,,133.057,,152.548,,177.307,,187.213
969,,133.067,,152.573,,177.283,,187.241
970,,133.067,,152.573,,177.283,,187.241
971,,133.058,,152.55,,177.306,,187.215
972,,133.07,,152.573,,177.284,,187.241
973,,133.056,,152.55,,177.307,,187.214
974,,133.056,,152.55,,177.307,,187.214
975,,133.065,,152.574,,177.282,,187.242
976,,133.055,,152.551,,177.305,,187.216
977,,133.067,,152.575,,177.282,,187.243
978,,133.053,,152.551,,177.304,,187.217
979,,133.053,,152.551,,177.304,,187.217
980,,133.062,,152.576,,177.279,,187.245
981,,133.052,,152.554,,177.302,,187.22
982,,133.064,,152.578,,177.279,,187.246
983,,133.064,,152.578,,177.279,,187.246
984,,133.05,,152.555,,177.301,,187.221
985,,133.06,,152.58,,177.276,,187.248
986,,133.051,,152.557,,177.299,,187.223
987,,133.063,,152.579,,177.277,,187.247
988,,133.063,,152.579,,177.277,,187.247
989,,133.05,,152.555,,177.3,,187.22
990,,133.06,,152.58,,177.276,,187.248
991,,133.052,,152.556,,177.3,,187.221
992,,133.065,,152.577,,177.279,,187.245
993,,133.065,,152.577,,177.279,,187.245
994,,133.054,,152.553,,177.303,,187.218
995,,133.063,,152.576,,177.279,,187.244
996,,133.052,,152.554,,177.301,,187.219
997,,133.067,,152.576,,177.28,,187.244
998,,133.058,,152.552,,177.305,,187.216
999,,133.058,,152.552,,177.305,,187.216
1000,,133.067,,152.575,,177.281,,187.243
1001,,133.055,,152.553,,177.303,,187.218
1002,,133.068,,152.578,,177.281,,187.244
1003,,133.059,,152.553,,177.307,,187.216
1004,,133.059,,152.553,,177.307,,187.216
1005,,133.067,,152.579,,177.282,,187.244
1006,,133.055,,152.555,,177.304,,187.217
1007,,133.068,,152.578,,177.282,,187.244
1008,,133.057,,152.554,,177.305,,187.217
